0 1.8878500000000729e-07
1 2.789369999999618e-07
2 2.1745399999989826e-07
3 3.050110000000009e-07
4 2.6498899999991696e-07
5 2.3389100000011097e-07
6 2.7365399999997043e-07
7 3.0542699999992067e-07
8 2.8581300000007916e-07
9 3.2045899999997435e-07
10 2.4393699999997186e-07
11 2.5846500000007574e-07
12 2.641880000000124e-07
13 3.1201200000008365e-07
14 2.7491399999995947e-07
15 2.833209999999198e-07
16 2.912120000000615e-07
17 2.9170200000008804e-07
18 2.9331500000000927e-07
19 3.238770000000904e-07
20 4.058070000000427e-07
21 4.2186900000013016e-07
22 3.8643700000003805e-07
23 3.4905199999987064e-07
24 3.850199999999651e-07
25 5.114130000000993e-07
26 4.4306700000011634e-07
27 4.524009999999634e-07
28 3.8007799999996426e-07
29 4.5942499999996474e-07
30 4.909189999999092e-07
31 3.6704799999996706e-07
32 4.192950000000278e-07
33 4.240299999999642e-07
34 3.6613300000010174e-07
35 3.746220000000328e-07
36 3.482719999998857e-07
37 3.7776199999985105e-07
38 3.542899999998822e-07
39 3.764759999998549e-07
40 4.0089499999987344e-07
41 5.369299999999771e-07
42 5.395300000000102e-07
43 4.7531499999998313e-07
44 4.167289999999629e-07
45 4.5893700000006197e-07
46 4.967999999999917e-07
47 4.1705600000002673e-07
48 4.012109999999985e-07
49 4.032419999998038e-07
50 4.549620000001975e-07
51 5.647689999999789e-07
52 5.738240000001394e-07
53 5.367200000000461e-07
54 4.492449999999593e-07
55 5.457840000000075e-07
56 5.481079999999083e-07
57 4.2964599999993635e-07
58 4.6728999999999523e-07
59 4.702540000001976e-07
60 5.011860000001533e-07
61 4.7560699999978086e-07
62 4.5318600000036903e-07
63 4.5813299999969413e-07
64 4.5604400000014146e-07
65 6.37133999999956e-07
66 7.558549999998471e-07
67 6.902099999996636e-07
68 6.750609999999352e-07
69 6.238590000001986e-07
70 6.493480000000357e-07
71 7.94255999999896e-07
72 6.240259999998887e-07
73 6.469679999999284e-07
74 6.948629999997402e-07
75 6.928969999999146e-07
76 6.885209999999836e-07
77 7.050299999999537e-07
78 6.341689999997124e-07
79 7.132880000001174e-07
80 7.043220000001321e-07
81 7.128200000002389e-07
82 7.823769999999175e-07
83 6.982159999999321e-07
84 7.16982999999824e-07
85 7.013900000001905e-07
86 7.124049999998328e-07
87 6.950679999999099e-07
88 6.627730000002968e-07
89 6.964509999997509e-07
90 7.670379999997479e-07
91 6.89176000000194e-07
92 7.127170000001404e-07
93 7.210519999999443e-07
94 7.385370000003305e-07
95 7.388409999999068e-07
96 7.403220000002791e-07
97 7.503269999997453e-07
98 7.732000000000017e-07
99 8.731349999999694e-07
100 1.0185279999996578e-06
101 8.484040000002329e-07
102 8.476279999997533e-07
103 8.315550000001504e-07
104 8.236960000001515e-07
105 7.214930000000314e-07
106 7.552470000003475e-07
107 7.857649999994943e-07
108 8.416099999996873e-07
109 8.356780000005338e-07
110 7.719129999998741e-07
111 8.037859999997787e-07
112 8.074730000002806e-07
113 8.06926999999541e-07
114 7.95705000000424e-07
115 8.069940000005049e-07
116 8.540349999995312e-07
117 8.37228999999301e-07
118 9.286230000003226e-07
119 8.345490000001287e-07
120 8.270519999999115e-07
121 8.694509999999378e-07
122 8.885470000001839e-07
123 9.656860000002987e-07
124 9.878600000003956e-07
125 8.738899999997663e-07
126 8.203100000003793e-07
127 7.593020000002116e-07
128 7.782800000001033e-07
129 7.547190000002924e-07
130 7.59628999999179e-07
131 7.851530000001216e-07
132 7.919470000004314e-07
133 8.094920000005223e-07
134 8.047380000007764e-07
135 8.324540000003433e-07
136 8.099139999994398e-07
137 1.0144990000001963e-06
138 1.0525790000001645e-06
139 8.114190000008681e-07
140 8.252580000002452e-07
141 8.141439999990729e-07
142 8.154570000001582e-07
143 8.723399999996939e-07
144 1.0720769999998658e-06
145 1.185920000000007e-06
146 1.00369699999997e-06
147 9.324539999996384e-07
148 9.345749999998265e-07
149 9.181280000001013e-07
150 1.4191989999999266e-06
151 1.169718000000569e-06
152 1.1225790000006786e-06
153 8.795470000000083e-07
154 8.785520000002544e-07
155 8.82586999999796e-07
156 8.86974999999901e-07
157 8.906299999996425e-07
158 9.357989999996263e-07
159 8.763149999997944e-07
160 9.549550000000629e-07
161 8.986059999994967e-07
162 9.402839999998746e-07
163 1.2297920000006457e-06
164 1.1495929999993937e-06
165 1.0392039999996549e-06
166 1.0153120000001014e-06
167 9.470289999998771e-07
168 9.576700000004656e-07
169 9.225710000000387e-07
170 9.983880000006551e-07
171 9.085810000001859e-07
172 9.047530000000081e-07
173 9.164229999998885e-07
174 9.441649999999968e-07
175 9.510000000000074e-07
176 9.053330000000359e-07
177 9.12090000000032e-07
178 9.297000000006994e-07
179 9.266639999996884e-07
180 9.344880000000666e-07
181 9.655379999993218e-07
182 9.66100999999997e-07
183 9.708639999999601e-07
184 9.563349999996696e-07
185 9.856540000006964e-07
186 1.0321959999997632e-06
187 1.0290520000002801e-06
188 1.0241659999997988e-06
189 1.0138240000001908e-06
190 1.0754380000004005e-06
191 1.03272400000054e-06
192 1.0066509999996086e-06
193 1.0136360000000121e-06
194 1.0040129999995263e-06
195 1.0166130000001106e-06
196 1.0009239999999308e-06
197 1.0124070000001317e-06
198 1.1256040000000578e-06
199 1.0488800000003074e-06
200 1.1478059999999458e-06
201 1.2202880000005134e-06
202 1.1709300000000977e-06
203 1.104719999999504e-06
204 1.0271700000002993e-06
205 1.0769390000006097e-06
206 1.0442649999998221e-06
207 1.0561549999993924e-06
208 1.0250790000001508e-06
209 1.057088999999678e-06
210 1.0556050000006256e-06
211 1.0503280000003778e-06
212 1.1095760000010002e-06
213 1.0943289999987837e-06
214 1.1254410000000048e-06
215 1.1320830000007832e-06
216 1.0773150000011334e-06
217 1.2432100000003831e-06
218 1.3302800000002392e-06
219 1.121223000000171e-06
220 1.222713999999514e-06
221 1.2750340000012294e-06
222 1.2043630000002637e-06
223 1.3919860000001783e-06
224 1.2104350000001762e-06
225 1.2222070000001418e-06
226 1.138398999999901e-06
227 1.186901000000462e-06
228 1.4544480000008297e-06
229 1.1786790000001824e-06
230 1.1880780000000923e-06
231 1.1987020000000514e-06
232 1.446247999998984e-06
233 1.4194050000007063e-06
234 1.2069970000012642e-06
235 1.1622739999997412e-06
236 1.1595830000006302e-06
237 1.2058829999998521e-06
238 1.4219059999993068e-06
239 1.2381599999998772e-06
240 1.2544239999999206e-06
241 1.2101650000002073e-06
242 1.1560190000007298e-06
243 1.250466000001338e-06
244 1.203156000000094e-06
245 1.2214929999996848e-06
246 1.1548050000003696e-06
247 1.2016030000004395e-06
248 1.1635019999986507e-06
249 1.1654709999997515e-06
250 1.1713629999997588e-06
251 1.2463819999998238e-06
252 1.2249389999995919e-06
253 1.2094870000001756e-06
254 1.2307109999987741e-06
255 1.1982370000013233e-06
256 1.184223999999623e-06
257 1.2263059999999549e-06
258 1.2370839999991667e-06
259 1.3762799999991192e-06
260 1.296352999998085e-06
261 1.261973999999999e-06
262 1.385245999999729e-06
263 1.3606090000004567e-06
264 1.346276999998508e-06
265 1.379539999999846e-06
266 1.2316640000004653e-06
267 1.2373370000006155e-06
268 1.266017000000952e-06
269 1.2669200000004487e-06
270 1.244497000000122e-06
271 1.2554150000011476e-06
272 1.2593180000001758e-06
273 1.2905459999997814e-06
274 1.4157490000004658e-06
275 1.304775999999841e-06
276 1.4326030000000878e-06
277 1.5354450000004683e-06
278 1.4071380000001965e-06
279 1.42040099999996e-06
280 1.2992579999986931e-06
281 1.50892800000052e-06
282 1.5444909999993706e-06
283 1.4789199999994395e-06
284 1.360020000000517e-06
285 1.6466859999992867e-06
286 1.4219429999982047e-06
287 1.5180599999999323e-06
288 1.5035010000000736e-06
289 1.385922000000428e-06
290 1.5943539999999646e-06
291 1.5316110000000438e-06
292 1.4953479999994523e-06
293 1.4149700000014031e-06
294 1.4367540000006507e-06
295 1.375573999999713e-06
296 1.3797450000008204e-06
297 1.386431000001187e-06
298 1.4877210000001083e-06
299 1.4508380000006204e-06
300 1.5018650000007683e-06
301 1.4490620000010557e-06
302 1.4364219999996596e-06
303 1.4770450000000101e-06
304 1.441312000000028e-06
305 1.4258270000004903e-06
306 1.5508110000003739e-06
307 1.3936719999997348e-06
308 1.372210999999679e-06
309 1.4841020000004868e-06
310 1.4665229999997754e-06
311 1.4025549999993058e-06
312 1.446266999999113e-06
313 1.4534370000003349e-06
314 1.529437000001077e-06
315 1.5031240000003e-06
316 1.4844069999994659e-06
317 1.7038960000000381e-06
318 1.485855000000369e-06
319 1.5523700000012464e-06
320 1.4951730000002384e-06
321 1.5488709999993412e-06
322 1.4422859999999593e-06
323 1.434801000000152e-06
324 1.4464380000007715e-06
325 1.45842200000057e-06
326 1.4682569999986406e-06
327 1.4797639999997724e-06
328 1.6300570000001846e-06
329 1.4719800000004834e-06
330 1.460166999998458e-06
331 1.4700739999998213e-06
332 1.4649050000000719e-06
333 1.5308349999998972e-06
334 1.5611250000005517e-06
335 1.73969299999982e-06
336 1.7002219999984747e-06
337 1.939239000000592e-06
338 1.6358280000000614e-06
339 1.6464899999992232e-06
340 1.5620200000002193e-06
341 1.8151520000009302e-06
342 1.929451000000526e-06
343 1.7056519999993914e-06
344 1.848473999998046e-06
345 1.9350980000003014e-06
346 1.7550600000002525e-06
347 1.6424659999995094e-06
348 1.6150149999996089e-06
349 1.6231659999998982e-06
350 1.799605000001092e-06
351 1.7688849999971668e-06
352 1.7172649999980249e-06
353 1.6079110000032371e-06
354 1.7346880000003174e-06
355 1.634462000001502e-06
356 1.6032540000002759e-06
357 1.6984089999994013e-06
358 1.6632989999990632e-06
359 1.6032090000005495e-06
360 1.6695389999977773e-06
361 1.5998259999993048e-06
362 1.6683400000021553e-06
363 1.6913940000001792e-06
364 1.6543649999999355e-06
365 1.6818430000001828e-06
366 1.6589480000023249e-06
367 1.7082450000029947e-06
368 1.9061889999991699e-06
369 1.8319860000005627e-06
370 1.6952509999994537e-06
371 1.7456959999997412e-06
372 1.6321640000013238e-06
373 1.6400939999967612e-06
374 1.6700070000001953e-06
375 1.6926160000010348e-06
376 1.694774999999371e-06
377 1.6459350000012086e-06
378 1.6770490000010963e-06
379 1.7429300000012526e-06
380 1.6518559999996185e-06
381 1.7436330000010213e-06
382 1.7601600000005657e-06
383 1.8073860000007436e-06
384 2.092135999998912e-06
385 1.8414940000032186e-06
386 1.8823119999981097e-06
387 1.9470069999978356e-06
388 2.029256000002255e-06
389 1.7655950000020627e-06
390 1.8392799999993325e-06
391 2.1324380000000698e-06
392 1.8676219999991251e-06
393 1.819154999999073e-06
394 1.8600079999999686e-06
395 1.8541179999984614e-06
396 1.9164619999997302e-06
397 2.045956999998433e-06
398 1.7980309999990896e-06
399 1.7593839999986427e-06
400 1.8178009999999522e-06
401 1.8467600000006135e-06
402 1.7634879999993692e-06
403 1.7814119999995938e-06
404 1.8021059999991928e-06
405 1.7627619999982525e-06
406 1.9609130000001197e-06
407 1.7912459999989138e-06
408 1.7976359999989366e-06
409 1.7892350000009439e-06
410 1.7569839999997949e-06
411 1.756327999998808e-06
412 1.791165999998623e-06
413 1.7964779999982694e-06
414 1.7969359999979729e-06
415 1.9961900000015075e-06
416 1.853484000001071e-06
417 1.7812060000028663e-06
418 2.0490669999985166e-06
419 1.8160200000016947e-06
420 1.8561330000005372e-06
421 2.0430999999998534e-06
422 2.1574909999980684e-06
423 2.322317000000962e-06
424 2.2084060000032713e-06
425 1.990851000000071e-06
426 2.0560640000006903e-06
427 2.2111720000010937e-06
428 2.3015820000020782e-06
429 2.3392420000027947e-06
430 2.3460119999996197e-06
431 2.0923060000003215e-06
432 2.2133510000004184e-06
433 2.092120999999225e-06
434 1.9790350000005175e-06
435 1.9689450000008878e-06
436 1.9795719999993187e-06
437 2.2374710000007124e-06
438 1.94826700000017e-06
439 2.108961999999548e-06
440 1.9270439999994336e-06
441 2.050310000001221e-06
442 1.9026729999992441e-06
443 1.8902640000013627e-06
444 1.960616000001747e-06
445 2.2664170000027404e-06
446 2.172242000001545e-06
447 2.1452599999988165e-06
448 2.0660870000002163e-06
449 2.16377500000009e-06
450 2.2097680000003896e-06
451 1.9412570000008066e-06
452 1.906262000000214e-06
453 2.1472520000009878e-06
454 2.1814830000015386e-06
455 2.6320130000007103e-06
456 2.417014000001605e-06
457 2.2168950000009957e-06
458 2.045757999999398e-06
459 2.6252210000007325e-06
460 2.415717000000206e-06
461 2.3243500000019736e-06
462 3.2936259999983843e-06
463 2.3135120000014055e-06
464 2.482272999996038e-06
465 2.8695790000008437e-06
466 2.537665000001188e-06
467 2.401943999999601e-06
468 2.3931219999997478e-06
469 2.287565000000602e-06
470 3.260313999998821e-06
471 3.0685520000023337e-06
472 2.5599780000024054e-06
473 2.191779000000338e-06
474 2.280234999999631e-06
475 2.118035000002405e-06
476 2.2260879999974613e-06
477 2.360051000000918e-06
478 2.4040900000016353e-06
479 2.2635310000015397e-06
480 2.1745889999991164e-06
481 2.1542149999996818e-06
482 2.379059000001349e-06
483 2.220794999998721e-06
484 2.3352890000002404e-06
485 2.5287549999977177e-06
486 2.1091989999993955e-06
487 2.0641079999995647e-06
488 2.2400619999998206e-06
489 2.1441129999995033e-06
490 2.2117220000014147e-06
491 2.2066810000014316e-06
492 2.546220999999793e-06
493 2.6500070000013976e-06
494 2.2648020000011206e-06
495 2.384167999998521e-06
496 2.3987819999991e-06
497 2.2457130000005375e-06
498 2.1504560000007446e-06
499 2.176775999999214e-06
500 2.1891700000015168e-06
501 2.235661999998695e-06
502 2.2814559999989604e-06
503 2.099934999999942e-06
504 2.179086999999913e-06
505 2.3387940000001438e-06
506 2.389662000002235e-06
507 2.9987600000005444e-06
508 2.324084999998144e-06
509 2.3033500000011475e-06
510 2.3587210000002303e-06
511 2.409097000002358e-06
512 2.420789000000312e-06
513 2.6096770000005876e-06
514 2.352883999997557e-06
515 2.402163999999818e-06
516 2.605029999998898e-06
517 2.422421000000008e-06
518 2.2766589999997367e-06
519 2.3191669999974575e-06
520 2.2596840000012055e-06
521 2.3799240000008658e-06
522 2.4028570000010907e-06
523 2.254857999999249e-06
524 2.151179000001058e-06
525 2.392218000001223e-06
526 2.2105719999996334e-06
527 2.2533339999993852e-06
528 2.473031000002068e-06
529 2.4466239999995085e-06
530 2.276746999999357e-06
531 2.2504940000001026e-06
532 2.2166399999993257e-06
533 2.1666539999983804e-06
534 2.1922509999977578e-06
535 2.2045910000036973e-06
536 2.3521779999992054e-06
537 2.3313359999995733e-06
538 2.5702670000009588e-06
539 2.543722999997611e-06
540 2.397484000001282e-06
541 2.264232000002031e-06
542 2.390000000002335e-06
543 2.959230000003088e-06
544 2.4188449999984485e-06
545 2.6718650000008283e-06
546 2.5690850000026354e-06
547 2.4206730000000397e-06
548 2.636345000003759e-06
549 2.5729240000003094e-06
550 2.348641000002649e-06
551 2.54017299999898e-06
552 2.4342399999988105e-06
553 2.63236799999933e-06
554 2.6419939999977606e-06
555 2.322661000003112e-06
556 2.387589999999662e-06
557 2.3729000000021207e-06
558 2.4072249999975703e-06
559 2.7108360000003275e-06
560 2.695648000005102e-06
561 2.422614999999073e-06
562 2.4122320000035114e-06
563 2.520323000002156e-06
564 2.431783000001797e-06
565 2.479942000000568e-06
566 2.5331760000000258e-06
567 2.512441000000143e-06
568 2.554541999995719e-06
569 2.411759999998875e-06
570 2.64286899999866e-06
571 2.6106840000010844e-06
572 2.517702999998095e-06
573 2.6841949999991675e-06
574 2.543073999998535e-06
575 2.6764110000001563e-06
576 2.8406229999988764e-06
577 2.5179140000020083e-06
578 2.503670000001179e-06
579 2.61392400000493e-06
580 2.509774000001519e-06
581 2.6898899999994177e-06
582 2.7109390000032985e-06
583 3.118111000003365e-06
584 2.553040000002227e-06
585 2.4562190000030347e-06
586 2.7489219999967675e-06
587 3.3522549999971395e-06
588 3.0598630000000514e-06
589 2.9402819999979624e-06
590 2.840740000003228e-06
591 2.766772000000639e-06
592 2.6293889999990938e-06
593 2.6884810000047386e-06
594 2.729116999994563e-06
595 2.630686999998355e-06
596 2.597626000001796e-06
597 2.6602619999993583e-06
598 2.7335000000061615e-06
599 2.6975289999970898e-06
600 2.4887949999958803e-06
601 2.773845000000552e-06
602 2.6750380000020168e-06
603 2.6202760000064717e-06
604 2.6569329999981405e-06
605 2.644371000004142e-06
606 2.704911000000809e-06
607 2.596957999998484e-06
608 2.8177630000005836e-06
609 2.6990810000031563e-06
610 2.7484719999997244e-06
611 2.777604000001821e-06
612 2.6429410000001764e-06
613 2.52551500000342e-06
614 2.963572000000081e-06
615 2.8424759999983174e-06
616 3.062907999999975e-06
617 2.864555999997798e-06
618 2.7594019999981347e-06
619 2.9923389999990667e-06
620 3.321418000004961e-06
621 2.9291230000052516e-06
622 2.7188589999942447e-06
623 2.7495790000020557e-06
624 2.7620430000010466e-06
625 2.6867440000031272e-06
626 3.0177170000005304e-06
627 2.701338999995251e-06
628 2.7646219999992728e-06
629 2.536444000004856e-06
630 2.6734970000021896e-06
631 2.8064930000040176e-06
632 2.7230919999954307e-06
633 3.0473220000020174e-06
634 3.0254460000023186e-06
635 2.7887660000018853e-06
636 2.6957349999976455e-06
637 2.589441999993447e-06
638 2.818607999999223e-06
639 2.9615049999978103e-06
640 2.863264999996007e-06
641 2.8321440000027566e-06
642 2.7293850000036366e-06
643 2.8141840000011076e-06
644 3.0867669999996573e-06
645 2.7949960000064334e-06
646 2.8350389999975965e-06
647 2.816627999997934e-06
648 3.342021999999112e-06
649 3.0535159999980354e-06
650 3.11691300000172e-06
651 2.897305999996602e-06
652 3.219707000001737e-06
653 2.850808000000038e-06
654 3.0097760000014075e-06
655 2.8400990000003734e-06
656 2.685333999999262e-06
657 2.7861840000014125e-06
658 2.675886999999211e-06
659 2.7437650000003977e-06
660 2.6788570000018107e-06
661 2.766935000005022e-06
662 2.6939669999952453e-06
663 2.8305510000015134e-06
664 2.7770199999972433e-06
665 2.7306470000016957e-06
666 2.739688000002127e-06
667 2.6553899999968157e-06
668 2.69859299999764e-06
669 2.863845999999004e-06
670 2.8397440000003105e-06
671 2.669317000000504e-06
672 2.671890000000232e-06
673 2.6877530000020135e-06
674 2.8240660000038444e-06
675 2.9536389999962332e-06
676 2.9466129999979883e-06
677 3.033367000005116e-06
678 3.1915739999959226e-06
679 3.212512000000611e-06
680 3.1053499999986747e-06
681 2.948104000000562e-06
682 3.001138999999986e-06
683 3.1158560000001946e-06
684 2.94001599999838e-06
685 3.4152709999972776e-06
686 3.0241689999961354e-06
687 2.9411019999974197e-06
688 2.8508860000002746e-06
689 3.094816000005718e-06
690 2.9147270000016156e-06
691 2.7931329999977273e-06
692 2.790136000002219e-06
693 2.8443590000046813e-06
694 2.95305500000409e-06
695 2.9587000000028674e-06
696 3.04811799999527e-06
697 2.9972750000002436e-06
698 2.9142770000027963e-06
699 2.9812539999976018e-06
700 2.8318640000004614e-06
701 2.8213600000013273e-06
702 2.856217999996913e-06
703 2.8713559999957727e-06
704 2.8239480000005203e-06
705 2.8606769999970362e-06
706 2.991024999996261e-06
707 3.022204999997724e-06
708 3.6091660000008297e-06
709 3.4317180000009717e-06
710 3.1887140000026457e-06
711 3.1249069999965686e-06
712 3.6440560000035038e-06
713 3.364048999995095e-06
714 2.9827059999971705e-06
715 3.0854780000066917e-06
716 3.0197749999967273e-06
717 3.0142669999964067e-06
718 3.0098949999965986e-06
719 2.9010250000045535e-06
720 2.867323000002475e-06
721 2.9619929999982197e-06
722 2.988648999997956e-06
723 2.875955999997126e-06
724 3.0011869999997387e-06
725 3.1484280000002585e-06
726 3.7257140000033218e-06
727 3.261639000000205e-06
728 3.124732999999935e-06
729 2.9960249999994027e-06
730 2.9090090000012393e-06
731 2.923323000002309e-06
732 2.933583999995548e-06
733 2.9727550000022696e-06
734 2.9185259999977566e-06
735 3.111668999998818e-06
736 3.147008000000451e-06
737 3.3449029999974566e-06
738 3.612325000001526e-06
739 3.268353999996032e-06
740 3.1844960000000365e-06
741 3.1924979999975456e-06
742 3.519157000002382e-06
743 3.1934830000017734e-06
744 3.0779139999967954e-06
745 3.182701999998816e-06
746 3.052702999996271e-06
747 3.101743000004431e-06
748 3.0518359999993638e-06
749 3.038879999999633e-06
750 3.064210000002454e-06
751 2.9638610000060073e-06
752 3.0754969999948756e-06
753 3.314764000001302e-06
754 3.429662999997918e-06
755 3.1704639999983185e-06
756 3.0609029999961736e-06
757 3.0739040000018482e-06
758 3.3058270000019264e-06
759 3.199486000001528e-06
760 3.1775249999992374e-06
761 3.044294000003278e-06
762 3.0035060000028755e-06
763 3.1218289999990213e-06
764 3.2827230000023187e-06
765 3.2639159999978682e-06
766 3.2964909999984026e-06
767 3.1896519999972117e-06
768 3.793647000002398e-06
769 3.4764520000027944e-06
770 3.636253000002032e-06
771 3.150637000003398e-06
772 3.3491480000007457e-06
773 3.302338000001459e-06
774 3.2389290000036653e-06
775 3.5609749999967468e-06
776 3.129517999998832e-06
777 3.259160999999011e-06
778 3.056913000002437e-06
779 3.4441029999958682e-06
780 3.3569190000033444e-06
781 3.4223440000016316e-06
782 3.23015400000215e-06
783 3.487048999994302e-06
784 3.140288000003544e-06
785 3.1424349999988888e-06
786 3.639486999998054e-06
787 3.1419780000008224e-06
788 3.3867719999971514e-06
789 3.335765000001656e-06
790 3.7686789999973323e-06
791 3.833889000002477e-06
792 4.00333900000005e-06
793 3.5915240000026216e-06
794 3.6857309999949186e-06
795 3.572902999993577e-06
796 3.6130889999990146e-06
797 3.4171240000000492e-06
798 3.654935000001247e-06
799 3.669966999997776e-06
800 3.3754900000031453e-06
801 3.4541380000017164e-06
802 3.210298000006606e-06
803 3.5094689999988216e-06
804 3.1796990000032556e-06
805 3.5975650000008574e-06
806 3.3779730000005336e-06
807 3.3251889999952323e-06
808 3.5135050000019154e-06
809 3.338336999999747e-06
810 3.1599719999961806e-06
811 3.194254999996593e-06
812 3.1929049999999126e-06
813 3.238567000003023e-06
814 3.405357999996861e-06
815 3.3567210000005065e-06
816 3.5712149999993503e-06
817 3.728134000002159e-06
818 3.621127000003055e-06
819 3.656328999996905e-06
820 3.4322870000003113e-06
821 3.4291680000011483e-06
822 3.3886099999991258e-06
823 3.3706570000058276e-06
824 3.451219999999644e-06
825 3.290568999999577e-06
826 3.2753780000012166e-06
827 3.2908229999988327e-06
828 3.3595219999951185e-06
829 4.130088999999115e-06
830 3.418989000004036e-06
831 3.289680000006623e-06
832 3.353817999999675e-06
833 3.342799999999091e-06
834 3.6938550000014113e-06
835 3.563433000007832e-06
836 3.3252950000077773e-06
837 3.2756909999935856e-06
838 3.419844999993593e-06
839 3.4768370000057834e-06
840 3.448313000002923e-06
841 3.360639999992365e-06
842 3.7838270000039033e-06
843 3.7158760000033374e-06
844 3.795678000007463e-06
845 3.5227799999977272e-06
846 3.5181790000131664e-06
847 3.4086649999975904e-06
848 3.4801750000093e-06
849 3.3876649999968756e-06
850 3.331064000003714e-06
851 3.519711000004033e-06
852 3.4109420000034696e-06
853 3.6549629999989007e-06
854 3.5176449999951844e-06
855 4.015298000004553e-06
856 3.4156540000020996e-06
857 3.352511999992647e-06
858 3.344172999994566e-06
859 3.5636700000050147e-06
860 3.374199999994332e-06
861 3.501356999996208e-06
862 3.5501179999908315e-06
863 3.905892000001465e-06
864 3.852950999997607e-06
865 4.253073999999746e-06
866 3.819153000002906e-06
867 3.687807000014587e-06
868 3.5353850000001684e-06
869 3.6872470000082203e-06
870 3.98801800000026e-06
871 4.1793230000060075e-06
872 4.146700000001946e-06
873 3.4541170000035316e-06
874 3.91466199999968e-06
875 3.5034790000088024e-06
876 4.004753999999e-06
877 3.5814470000135046e-06
878 3.732464000004043e-06
879 3.6474959999970304e-06
880 3.7729629999940786e-06
881 3.4075600000016415e-06
882 3.751030000008093e-06
883 3.4571090000015127e-06
884 3.7537069999959983e-06
885 3.5512559999979487e-06
886 4.430852999985912e-06
887 4.13837199999989e-06
888 3.728043000001957e-06
889 3.6765179999966868e-06
890 4.015961000002122e-06
891 3.7761639999946974e-06
892 4.170894000007142e-06
893 3.892054000009804e-06
894 3.47611700000483e-06
895 3.8451119999924895e-06
896 3.6164540000007683e-06
897 4.5942310000079975e-06
898 4.001302000008256e-06
899 3.898854999991652e-06
900 3.847654000001644e-06
901 3.5431149999913812e-06
902 3.734952999997709e-06
903 3.557778000002898e-06
904 3.7745920000031853e-06
905 3.976812999998192e-06
906 3.8806930000072624e-06
907 4.610758000003212e-06
908 4.633123000001848e-06
909 4.653100999993054e-06
910 4.120622000006957e-06
911 3.874335999996425e-06
912 3.884675000006333e-06
913 3.831982000005674e-06
914 3.963967999996765e-06
915 3.702251999992967e-06
916 3.7325280000080063e-06
917 3.671476000006724e-06
918 3.862437000002217e-06
919 3.7004880000020003e-06
920 3.602699000005316e-06
921 3.6238569999960113e-06
922 3.5722289999964298e-06
923 3.588636999997341e-06
924 3.6672929999972404e-06
925 3.86637299999748e-06
926 3.6293310000017342e-06
927 3.663208000008744e-06
928 4.060582999994011e-06
929 3.8131689999985062e-06
930 4.637775000001287e-06
931 3.949440000011961e-06
932 4.260117999998148e-06
933 3.989165999997102e-06
934 4.245707000003928e-06
935 3.9599830000018876e-06
936 3.6970169999941404e-06
937 3.6824779999982125e-06
938 3.839260000003897e-06
939 3.869391999987926e-06
940 3.869652000004109e-06
941 4.243354000009969e-06
942 3.6436200000045103e-06
943 3.657423999989806e-06
944 3.68499500000663e-06
945 3.6615209999970586e-06
946 3.6964560000036784e-06
947 3.7063939999950614e-06
948 4.20756999999572e-06
949 3.968166000001272e-06
950 3.815462000002601e-06
951 3.9970459999914e-06
952 3.951876000004795e-06
953 4.206933999997275e-06
954 3.7812000000028154e-06
955 3.7492720000007474e-06
956 3.967764000006202e-06
957 4.0640899999995205e-06
958 4.009093000002295e-06
959 3.849089000009354e-06
960 4.09365299999509e-06
961 3.7105610000112144e-06
962 3.7061819999992806e-06
963 3.936830999995422e-06
964 3.9401690000042675e-06
965 4.239970000011084e-06
966 4.1393330000047965e-06
967 4.254996000003786e-06
968 4.350193999995699e-06
969 4.577022999998181e-06
970 4.266184999999645e-06
971 4.197175000005604e-06
972 3.955191999993612e-06
973 4.520215999995969e-06
974 4.0156689999961694e-06
975 4.136686999997696e-06
976 3.997948999993284e-06
977 4.153864999990819e-06
978 4.4706170000012865e-06
979 3.8978339999986565e-06
980 4.40918800000123e-06
981 4.396679000005399e-06
982 4.456531000002429e-06
983 4.205068000004087e-06
984 3.794658999994649e-06
985 4.038923999994726e-06
986 3.824731999993336e-06
987 4.151891000004682e-06
988 4.305708000002184e-06
989 4.452142999988862e-06
990 4.7549440000111964e-06
991 4.343569999992969e-06
992 4.043711000004446e-06
993 4.473414000000009e-06
994 4.029935000006813e-06
995 4.210517000006408e-06
996 3.944188000000626e-06
997 4.164168000000412e-06
998 4.067911999992902e-06
999 4.4651670000059874e-06
