5.290000000009639e-07
4.689999999955378e-07
2.0773333333390377e-06
3.407400000003206e-06
4.892133333334048e-06
7.793399999985369e-06
8.470333333332469e-06
1.0147533333334142e-05
1.834659999999285e-05
2.2731333333325666e-05
2.4070666666668276e-05
2.2716199999994746e-05
2.4914800000001383e-05
2.7969599999995894e-05
2.957613333332739e-05
2.8221000000006047e-05
2.9039933333326513e-05
4.0185133333333255e-05
3.8158266666665776e-05
4.028093333332539e-05
4.356266666667071e-05
4.7649666666671477e-05
5.1437533333342776e-05
5.521739999999979e-05
5.805466666666259e-05
5.7898066666661754e-05
5.999506666666636e-05
6.188153333333371e-05
6.386153333331664e-05
6.806826666666543e-05
6.995486666666976e-05
7.339566666667205e-05
7.483413333333466e-05
8.196860000000046e-05
8.334140000001063e-05
8.789373333332925e-05
9.251860000000592e-05
9.256600000000504e-05
8.81327999999885e-05
9.064206666666851e-05
9.32557333333343e-05
9.308500000001866e-05
9.56079333333267e-05
9.404980000000303e-05
9.633319999999835e-05
9.572079999999501e-05
9.796940000000124e-05
0.00010045186666666207
0.00010344933333332751
0.0001053628666666769
0.00010533546666665986
0.00010565519999999514
0.00010577546666666882
0.0001082671333333359
0.00010865893333333876
0.00010618579999999896
0.00010761166666665897
0.0001135669999999959
0.00011523780000000464
0.00011255173333333628
0.00011365206666666961
0.00011578393333333548
0.00011987713333333483
0.00012041593333334359
0.00012148873333332663
0.000138431066666674
0.00013765126666667553
0.00014724733333333352
0.00014053453333332522
0.0001417204666666616
0.0001429852666666694
0.00014461473333332958
0.00014625759999999192
0.0001537153999999948
0.00015385646666666865
0.00015308900000000255
0.000154532400000007
0.00015669979999999677
0.0001576875333333394
0.0001595738666666661
0.00016115766666667438
0.00017252966666666907
0.0001672726666666698
0.0001692531333333395
0.00017048666666667303
0.00017279479999999421
0.00017358646666666423
0.00017628426666665975
0.00017331193333333477
0.00017705053333333387
0.00017731433333333378
0.00017947646666666522
0.00018468359999999814
0.0001837504666666619
0.00018531786666666031
0.0001902757333333375
0.00018869119999999814
0.00019673239999999924
0.00022498546666666804
0.0002004252666666706
0.00020080686666667697
0.0002063607999999939
0.000267529866666664
0.0002106112666666456
0.0002448023333333123
0.00021463406666664872
0.0002359108666666702
0.00022512226666663673
0.000220091933333344
0.00021799973333334056
0.00027920773333334946
0.00024353740000001198
0.00027033460000000324
0.00023410553333333973
0.00023016853333334512
0.0002459057333333477
0.00023487213333334516
0.00024027220000000238
0.00024303999999999437
0.00024655753333332846
0.0002518506666666642
0.0002514454000000166
0.0002574365333333217
0.00025488079999997916
0.00025606526666666817
0.0002676333999999854
0.00025984833333333085
0.0002627329333333206
0.00026568733333333464
0.00029174086666664917
0.00029303853333333406
0.00029475339999999556
0.0002989370666666676
0.0002982525333333541
0.0003008529333333213
0.0003031498666666632
0.00030520079999999766
0.0003086425333333291
0.0003098623999999939
0.00030985773333334075
0.00031010879999999
0.000305312400000024
0.0003058470666666683
0.000307564599999995
0.0003101786000000069
0.00032392806666667144
0.00033079720000000665
0.00032138099999999467
0.00036488646666667327
0.00034759386666667337
0.0003811080666666985
0.0003291788666666499
0.00032795633333334944
0.0003309502000000094
0.0003320068000000065
0.0003396831333333313
0.00033593333333333436
0.0003380111999999954
0.0003424645999999809
0.0003410456000000191
0.00034854806666667995
0.00034821693333331926
0.00034974779999998875
0.0003504019999999904
0.00036219373333333434
0.00035515706666667445
0.0003557685333333449
0.0003577956666666641
0.00037091400000001477
0.0003716419333333147
0.00038038053333333544
0.00037966986666666537
0.00038373126666667957
0.00038552386666665937
0.00039069680000001215
0.0003920426000000014
0.0003922514666666673
0.0003983760666666762
0.0003976881333333478
0.00040321526666666033
0.0004383456000000008
0.0004636812666666712
0.00040373366666666873
0.0003929365333333212
0.00040071760000000013
0.0003959784666666651
0.00040105406666666175
0.0003995549999999811
0.0004018447999999989
0.00041265013333335133
0.0004067669999999968
0.00041106999999998746
0.00041321533333333883
0.00042387833333333477
0.0004277292666666691
0.0004513358666666652
0.000428973666666647
0.000429723666666663
0.00044446006666666685
0.0004326590666666889
0.0004716132666666262
0.00047433446666668525
0.00045642473333331603
0.0004411789333333231
0.0004522406666666405
0.00044494626666666075
0.00045244666666669116
0.00044852673333329506
0.0004497508000000335
0.00045479079999997116
0.00045562606666667743
0.0004744595333332935
0.00045905873333335436
0.00046432873333335977
0.000462446200000007
0.00046740493333331893
0.0004664841333333373
0.00047530493333335734
0.00048810426666664835
0.0005132541333333555
0.0004949110666666959
0.0005197031333333305
0.0005218747333333458
0.0005640485999999889
0.0004957230666666756
0.0004916354000000271
0.0005026249333333066
0.0005020937999999919
0.0005141748666666798
0.0004987617333333342
0.0005003809999999683
0.0005049875333333157
0.0005202942000000229
0.000515308399999966
0.0006598932666666742
0.0005204002666666133
0.0006205842666666683
0.0005365919333333302
0.0005402834666666874
0.0005520949999999747
0.0005613294666666639
0.0005741679333333583
0.0005762308666666864
0.0005297027333333186
0.0005410965999999906
0.000535351266666669
0.0005547479333333438
0.0005509439999999681
0.0005531439333332926
0.0005562886666667044
0.0005605755333333444
0.0005613195333333969
0.0005663711333333025
0.0005786295333333561
0.0005715206000000084
0.0005735201333333754
0.000574711866666681
0.0006227997333333383
0.0006150921333333059
0.000620789533333325
0.0006192590666666664
0.0006253813333332748
0.000626934733333373
0.0006294652000000382
0.0006367375999999592
0.0006346486666666558
0.0006386769999999615
0.0006317617333333174
0.0006616041333333377
0.0007748391333333309
0.0006271850666666208
0.0006439784666666615
0.0006382431999999957
0.0006444628666666545
0.0006530180666666367
0.0006574407333333217
0.0006634827333332982
0.0006663828666666631
0.0006714935333333709
0.0006943234666666391
0.0006667741333333588
0.0006734466666666587
0.0006794107333332929
0.0006741725333333134
0.0006760206666666916
0.0007081195999999975
0.0006879084666666498
0.0007049135333333438
0.0006858557333332774
0.0006986677999999932
0.0006956580666666786
0.0006976001333333019
0.0007010867333333337
0.0007065423333333894
0.0007039103999999963
0.0007082025333333241
0.0007079084000000198
0.0007158874666666353
0.0007290531333333128
0.0007359995333332906
0.0007349817999999637
0.0007429659999999967
0.0007516622666666824
0.0007608255333333129
0.0007635732666666357
0.0007716859333333066
0.0007835600000000091
0.0007727891999999976
0.000772539733333355
0.0007756418666667209
0.0007842976666666483
0.0007482589333332494
0.0007656796000000318
0.0007493888666666375
0.0007668395333333262
0.0007617182000000019
0.0007572036000000892
0.000759619066666654
0.0007618522666665999
0.0007648501999999446
0.0007663607333332934
0.0007821977333333526
0.0007813075999999401
0.0007879406666666829
0.0008456175999999556
0.0007719498666667472
0.0007819195999999806
0.0007842786666667045
0.0008209218666667202
0.000836469933333402
0.0008106846666666574
0.0008066330666667139
0.0008122400666666844
0.0008187048000000215
0.0008134036000000992
0.0008166794666667107
0.0008168598666667156
0.0008214206666666908
0.0008218938666666453
0.0008262474666666483
0.0008364679333333551
0.0008540579999998835
0.0008559408666667009
0.0008571769999999645
0.0008393702666667243
0.0008336969999999925
0.0008291627333333551
0.0008506351333334253
0.0008382340000000118
0.0008475060000000016
0.0008296595333334266
0.0008538783333333614
0.0008705045333334086
0.0009150969333333592
0.0008781915333332909
0.0008710789333333283
0.0008819443999999936
0.000879087600000054
0.0008727819333333109
0.0008826139999999742
0.0008791315999999346
0.0009091126666665931
0.0009097179333333945
0.0009012292666667143
0.0008925125333333857
0.0008928004666666804
0.0008946464000000098
0.0009012123333333418
0.000905298600000067
0.0009062708666666511
0.0009096880000000122
0.0009123899333333795
0.0009097449999999026
0.0009225831333334137
0.0009260213333332896
0.0009055990000000236
0.0009089605999999861
0.0009175105999999526
0.0009134197333332909
0.0009101951333333247
0.0009305188000000205
0.0009185690000000098
0.0009278505999999946
0.0009297919333333423
0.0009303216666666003
0.0009864629999999746
0.0009509052666667017
0.0009667142000000221
0.000977133933333274
0.0009757844666667144
0.0009678331333333289
0.0009846250666666852
0.0009716637333332538
0.000976725599999965
0.0009762944666667235
0.0009815076000000349
0.0009858721999999708
0.0009855560666666226
0.001185829733333262
0.0009799689333333638
0.0010034040000000152
0.0010254914666666319
0.0010326196666667008
0.0010371868000000303
0.0010407434666666049
0.001057969800000021
0.0010572971333332978
0.0010620365333333362
0.0010338124666666578
0.0010118570000000678
0.0010548220666666275
0.0010873033333333264
0.0010911479333332844
0.0011007859333333296
0.0011131936666667268
0.0011217127333333465
0.0011198625333333231
0.001134472466666677
0.0012723816666666702
0.001100348066666701
0.0011484023333333167
0.001271269800000052
0.0011647354666666665
0.001157168199999988
0.0012838141333333533
0.0011044157333333674
0.001078572333333335
0.0010858502000000787
0.0010814607333333429
0.00109425673333338
0.0011151430666666389
0.0011205171999999783
0.0011273423333333218
0.0011274768666666843
0.0010980250666666968
0.0010988845333333626
0.0011198045333333498
0.0011427159999999918
0.0011018985333332528
0.0010972695333333485
0.0010949538666666333
0.001102497266666654
0.001103386066666682
0.001123506133333348
0.0011020769999999717
0.0011185182000000183
0.0011119535333333392
0.0011186960666666578
0.001110674800000074
0.0011280562666665143
0.0011508333333332269
0.0011361872666666884
0.001140812066666778
0.0011574048666667261
0.0011683123333332546
0.0011426272666666293
0.0011770710666665944
0.001210760466666431
0.0012250869333333488
0.0012419413999999426
0.0012498208000000825
0.0012571861999999712
0.0012648503999999506
0.001270775399999972
0.0012734166000001915
0.001259743000000017
0.0011910247333333382
0.0011708089999999652
0.0011917533333331675
0.0011779558666666764
0.0011850933333333203
0.001190027933333404
0.0011879034666668175
0.001184271333333342
0.0011937865999999057
0.0012103086666667077
0.001202984933333262
0.0011957184666666028
0.0012010622666666156
0.0012180180666666375
0.0015995755999998807
0.0012454972666667175
0.001241763000000044
0.0012569542000001378
0.001248823866666804
0.001249962266666671
0.0012500245999999512
0.00124942973333327
0.001257289466666774
0.0012575240666667042
0.0012622048000000773
0.0012693276666665791
0.001282493799999962
0.0012957752666666877
0.0012930885333332753
0.0012943615333333843
0.001305564199999824
0.0013196675333333018
0.001327661666666676
0.0013260059333331262
0.0013142883999999928
0.0013237920666666033
0.0013385474000001452
0.0013241724000000233
0.0013382368666665792
0.00131578293333335
0.0013057506000000293
0.0012793325333332107
0.0012921922666666438
0.0012908366000000152
0.001296517333333469
0.0012975521999999628
0.0013016818000001133
0.001400452866666709
0.0014303269333330703
0.0014216427333334281
0.001412083133333238
0.0014400392000001835
0.0014126337333333202
0.0014249752000000152
0.0014319688666666627
0.0014205687999998772
0.0014235020666667707
0.0014432571333331387
0.0014254392000000967
0.0014225608666665224
0.0014579921333333226
0.0014872832666666725
0.0015088456000000269
0.0015444221333333749
0.0014726166000000281
0.001476018866666647
0.001471633666666546
0.0014951931999999484
0.0015323318666667991
0.0015191355999999582
0.0014543281999999992
0.0014750075333332428
0.001461353466666715
0.0014705595333332747
0.0014840630000000133
0.001460023733333197
0.001485827133333295
0.0014786959999998571
0.0014709568666665025
0.0014856854666668085
0.0014846306666666939
0.001480221133333437
0.001494495266666777
0.0014924684666667077
0.001489089133333484
0.0015013857999998474
0.0015215391333331496
0.0015051278666665742
0.0014993551333333836
0.0015135672666666267
0.0015093184666666204
0.0015052563333333897
0.001514768599999942
0.0015431211999998714
0.0015104703333333803
0.001526279999999917
0.0015274466000001633
0.0015495885333332163
0.0015163121333333861
0.0015374882000000294
0.0015276144000000733
0.0015380483333333453
0.001566315999999901
0.0015714448000000657
0.001909536066666758
0.0015413669999999157
0.0015771564000000755
0.0015804831333333287
0.00157197473333337
0.0015859107333334066
0.001612563999999909
0.0016355615333332333
0.0016386032666667679
0.0016508931333333384
0.0016489642666665935
0.0016632068666665371
0.0016597061333333348
0.0016831928666665755
0.0016754288666666283
0.0016912667333333076
0.00167483886666678
0.0016777872000000472
0.0016836071333331758
0.0017022658000000134
0.0015971470666668707
0.0016391239333331715
0.0016832448666667923
0.001689439200000109
0.0016119740000000605
0.0016207522666665142
0.001606270799999976
0.0016175339999999613
0.00161940920000004
0.0016243490666667526
0.0016196051999998555
0.0016332221999999063
0.0016312399333331248
0.0016382860666668128
0.0016304786000000367
0.0016351411999998787
0.0016421498666664646
0.0016621624666665724
0.0016813341999999546
0.0016538565999998885
0.001678557600000019
0.0017290890666667262
0.001685330399999844
0.001684077733333389
0.0016966123333331732
0.001699088066666654
0.0017119644666668894
0.0016672000666667704
0.0016758346000001368
0.00169125086666669
0.0016928928666667177
0.001706194133333246
0.0017739041999999946
0.0017723575333334315
0.001700044266666545
0.0017140721333333295
0.001719887999999988
0.0016962243333330444
0.001710569266666321
0.001720493000000308
0.0017032486000000328
0.0017394880666664393
0.0017539789333334
0.0017110635333332644
0.001710669866666592
0.0017202636666667104
0.0017375724000000758
0.0017119309333330317
0.0017384693999996869
0.0017263293333331356
0.0017321344666666979
0.0017511801999998986
0.0017518216666667049
0.0017622900000003956
0.0017556173333334848
0.001769299733333085
0.0017829862000000437
0.0020197245333335445
0.0017907508666665942
0.0017845646666664549
0.0018093243333331325
0.001811337866666444
0.0018243279333334547
0.0017915713999998436
0.0017842869999997882
0.0017998841333337623
0.0018429817333331044
0.0018089659999999932
0.0018128326666666083
0.0018011754000002136
0.001814139666666629
0.0018045177333333366
0.001808960066666998
0.001813779533333341
0.0018072605999996938
0.0018353999999999834
0.0018164123333333985
0.0018261188000000318
0.001842248799999761
0.001821927066666736
0.0018304055333333716
0.0018932208666665672
0.0019159442000001785
0.0019449388666668455
0.0019488565333337722
0.0019676063333328385
0.0019021540000003039
0.001838252733333808
0.0018564435333330446
0.0018517161333332884
0.0018456748000001966
0.0018654257999997982
0.0018644044666666323
0.0018569639333333517
0.0019073929333330852
0.0018823965333332638
0.0018706645333336287
0.001861794400000131
0.0019138551333333234
0.001944754599999854
0.0019003974666669402
0.0019181221999999092
0.0019948379999998878
0.002037989466666919
0.002014649600000003
0.0020207184666664563
0.0019547938666665487
0.0019277222000000668
0.0019248043333334407
0.0019099491999999903
0.001897577666666687
0.001953500466666706
0.0019115602666664937
0.0019137846666666292
0.001912379599999762
0.0019290763999996112
0.001940387266666832
0.001930939399999924
0.0019299236666669847
0.0019486063999998749
0.0019383816666665628
0.0019469992000002397
0.0019568966666665705
0.002037780066666765
0.001951564666666646
0.0019814311999998796
0.0020088355333334343
0.00203994259999997
0.00232537386666678
0.0019921233333334955
0.00197157273333346
0.00199101613333319
0.002017506733333126
0.002011270799999802
0.0020099914000001697
0.0019764829333334196
0.0019909736666666807
0.00197487953333327
0.0020230944000000288
0.0022135341333334208
0.002009299666666801
0.0020227297333336243
0.002027832533333414
0.002031759733333279
0.0020380935999998683
0.0020239930000001275
0.0020005290666665824
0.002015294466666262
0.002034453666666636
0.0020216473333333576
0.0020374763333331695
0.0020332199333331856
0.0020661530666666057
0.0020709483333335517
0.002102211133333043
0.002224235666666748
0.002240637400000267
0.0022547243333336316
0.00227204260000029
0.002274561066666673
0.002047267666666386
0.0020455344666663916
0.0020646328666668267
0.0020630369333331324
0.0020584360666666395
0.002055289866666617
0.002062043466666689
0.002068536533333069
0.00208065613333351
0.0020788858000000705
0.002078063933333259
0.0020902152666668174
0.00218873926666691
0.0021186038666667645
0.002118347266666376
0.0021173136666665943
0.002125172266666671
0.002087410533333648
0.0021001032666666457
0.0021677758666667065
0.0021655214000001403
0.0021628881333333777
0.0021592615333332786
0.002159537266666689
0.0021622321333334563
0.0021756050666668376
0.0021713902666670986
0.002186372200000264
0.00217732193333345
0.002179824133333123
0.0023296844666666297
0.0023036644666666697
0.0022020701333332225
0.0022142028666666627
0.002231879933333521
0.0022334356666662575
0.002208887799999578
0.002205827333333706
0.0022070022666665543
0.0022005602666666847
0.00223459566666655
0.0022304377999999995
0.002365237933333238
0.0024226474000001255
0.0024413593999999725
0.002251730533333074
0.002306799399999922
0.0022962141999997242
0.002224224133333408
0.0022262631333335985
0.0022189575333335654
0.002252015000000303
0.0022424301333331914
0.0022503312666664497
0.0022930210666669854
0.002243130333333454
0.0022558067999997413
0.002250638266666982
0.002373221066667005
0.002329576066666779
0.0024687002000001474
0.0024968196000002035
0.002525407733333059
0.0025408290666670535
0.002547504866666728
0.0025480174000000726
0.002542586400000128
0.002555843199999804
0.002552837600000283
0.0025594092000002177
0.0025618854666665434
0.002460545599999738
0.0022916144666666584
0.002335054666666991
0.0023791004000003114
0.0024041712000000123
0.0024295034000000252
0.0024485204666665557
0.0024509804666667636
0.002464712599999904
0.0024613311333332886
0.0024649991333332605
0.0024681950000001508
0.002593449666666577
0.00239988639999981
0.002321890333333461
0.0023763551333332816
0.0023842970666667187
0.0023625347333335136
0.002350744133333175
0.0023478051333328883
0.002356725400000078
0.0023579839999998834
0.002363647400000109
0.0023563825333331088
0.0023567477333331275
0.00237108126666629
0.0024037966666667168
0.0024549970000000104
0.0023996180000002217
0.0024260168666665766
0.002419207066666947
0.002400504333333231
0.0023806211333333494
0.002390136533333731
0.002394330466666735
0.0023779877333330052
0.0023953531333333446
0.0024348764000000265
0.002395763199999834
0.0024059509999997176
0.00247588179999975
0.0024008201333334256
0.0024001804666668866
0.002411905600000234
0.002437535066666759
0.002423527333333434
0.0025262137333334302
0.002541354266666455
0.002423808600000162
0.002441183066666497
0.002459023200000132
0.0024229240666664726
0.0024358148000002207
0.0024644029333328395
0.0024448658666668638
0.0024864325333335082
0.002475755866666655
0.002566530000000711
0.002452250866666361
0.002445328199999608
0.0024628359999998867
0.0024743159999995137
0.0024659108666670684
0.002487264200000302
0.0024660225333335006
0.002480541799999732
0.002483185266666747
0.002474463133333889
0.00278241220000055
0.0024847738666669747
0.0024923977333334807
0.0025285105333329246
0.0025347323999999577
0.002513579933333195
0.0025414804666662387
0.002610436999999403
0.002638850933333951
0.0026479850666670285
0.002759803533332909
0.002821348999999884
0.0028503794000002357
0.002850261733333781
0.0028838139333333384
0.0028565144000002834
0.002890332133333828
0.002858920599999711
0.002869726533333742
0.0028788113333329574
0.0028747272666670653
0.0028701225333333485
0.0029126837999998638
0.0028817979333335113
0.002744866266666435
0.002585609266667177
0.00260178600000008
0.0026122202000003368
0.002629365800000727
0.0028070110000006326
0.0026887883333330366
0.002785069866666845
0.0028155705999994987
0.002815220000000096
0.0025979599999997067
0.0026928348666665157
0.0026154415333330405
0.002649900733333273
0.002606234666666533
0.0026263552666662806
0.0026334022000000347
0.0026291980666665418
0.002683945866666922
0.002622044266666753
0.0026273133333333475
0.002711752733333365
0.0027898371333328954
0.0027954445999995416
0.00283939246666615
0.0026800276666667363
0.00268351799999967
0.0026859168000001434
0.002688392999999678
0.0026903363999998932
0.002803472200000101
0.0028659678666665893
0.0028945502666665847
0.0028975167999999957
0.0029146751999993134
0.0029505108666664152
0.0026914188000006336
0.002676270866666878
0.0026789348000001213
0.002694970066666495
0.0026724274666676704
0.002687470666667006
0.002681931266666737
0.0026914044000003893
0.0026878430666667915
0.0027413740666666795
0.0027826472666658236
0.002696227000000088
0.0027155972000009855
0.002710189066666639
0.0027232219333332827
0.0027378434666665897
0.002734278733333421
0.002731606266666849
0.0027446820666661154
0.002742868533333128
0.002810757133333889
0.0027535235333336536
0.0028006157999998986
0.002773370333333247
0.002724257866666591
0.0027402456666666334
0.002751912866668012
0.0028155067333334688
0.002821294533333448
0.002801957266666951
0.002821816133333025
0.002828457400000417
0.002807243133333041
0.002862277666666794
0.0029490850000006693
0.0027965366666658537
0.0028194219333334066
0.0028366833333334303
0.0027744671333342313
0.0028443796000004796
0.002873720333333078
0.002830645133333339
0.003042638599999729
0.0028523034000000297
0.0030118823999998766
0.0029829511333337184
0.0028634043333333635
0.003031537533332814
0.0031400209999996303
0.0030335690666667857
0.0029315849999998517
