2.9446666616195216e-07
2.2099999957466329e-07
2.2525333335465803e-06
3.2181333326756582e-06
3.4732666672236215e-06
6.469266667371206e-06
4.76866666663985e-06
7.70166666654859e-06
8.582733333876529e-06
1.3799666666377182e-05
1.4768733333170303e-05
1.8092533333913253e-05
1.6627933333050276e-05
1.999333333344566e-05
1.8572799999816424e-05
2.6845066666444004e-05
2.5243000000093237e-05
2.8638733333963273e-05
2.290333333381985e-05
2.6105800000427355e-05
2.7384933333015245e-05
3.2973933333124705e-05
3.444113333349226e-05
3.9929400000460194e-05
3.6880799999986875e-05
4.268820000064011e-05
4.3934200000705914e-05
5.4266799999425075e-05
5.549346666645268e-05
7.188626666684664e-05
6.177953333263986e-05
6.365679999973395e-05
6.699126666660504e-05
7.324920000021015e-05
9.157506666663077e-05
8.767373333355977e-05
6.731953333319515e-05
7.031879999956914e-05
6.9476933333353e-05
8.295506666679368e-05
8.021653333353621e-05
8.503666666731154e-05
7.548193333282901e-05
8.909653333380637e-05
8.606426666659672e-05
0.00010630693333363676
0.0001004329333333942
0.00012546406666658072
9.804019999985296e-05
0.00010167919999967504
9.623686666628827e-05
0.0001090830666666894
0.00010413566666684914
0.00010788806666658009
9.274226666680837e-05
0.00010077459999943509
9.799373333384173e-05
0.00010433913333353454
0.0001056898666663623
0.00011220253333258749
0.00010966246666631226
0.00011852453333247582
0.00011734646666733776
0.00012742693333341512
0.00013823939999989913
0.00013579033333310046
0.00013309613333376547
0.00015132953333321097
0.00014507560000041054
0.00016522466666657465
0.0001484043333339476
0.00015509340000008365
0.00015384379999995682
0.00015019886666631048
0.00015170933333384559
0.00016664380000008805
0.00016676100000054817
0.00017475026666649758
0.0001682324666662775
0.00019326333333372265
0.00019578446666675595
0.00020566173333307346
0.0002014649333328104
0.00020637439999996823
0.0002282883999995988
0.0002392242000001469
0.0002124885999994793
0.00021855693333350246
0.00021758173333334221
0.00023280119999971778
0.00023636966666723918
0.00022046833333343822
0.0002214091333333575
0.00023384213333272897
0.00025656153333268133
0.0002378075999999396
0.00023543606666649454
0.00023553913333363615
0.0002412824666668219
0.000262381533332956
0.0002572157333335194
0.0002563211999998316
0.00025956379999977723
0.0002822257999994804
0.0002541030666667628
0.00028678266666659624
0.00026417846666693855
0.00028433666666648113
0.0002489995333325131
0.00025206406666621696
0.00026315766666726856
0.0002710498666660991
0.0002647557333328147
0.0002730053333330318
0.0002632366000002643
0.0002687799333332445
0.00026822519999996074
0.00028630146666657196
0.00032299026666677834
0.0003027146000000869
0.0002886781333335383
0.0002932102666666954
0.0004462723333330606
0.00042598960000006514
0.00033343546666652436
0.0003184750666669345
0.00029943640000003785
0.00031169313333284285
0.0003082434666656771
0.00030988246666675915
0.00030900173333326585
0.0003270334666666486
0.00031414046666663846
0.0003287530000001482
0.0003692174666670193
0.0003678015999997323
0.0003661103333326328
0.0003666279999997357
0.00036078946666625217
0.0003721688666663188
0.00036940780000094264
0.00038543286666670916
0.0003880234000000371
0.00042027140000039744
0.0003610820666667773
0.00036513513333389367
0.00035933059999943375
0.00037171560000004433
0.00036912986666687666
0.0003796868666663992
0.0003646128666668839
0.0003731802000004336
0.00036505706666716263
0.00039638406666711037
0.000391902399999348
0.00039555786666696237
0.0003854775999997173
0.0003861246666673424
0.0003710501999999375
0.0003946023999996366
0.0003797254666667508
0.0003844489999998757
0.00035542973333306803
0.0003540811333330396
0.00036221139999999724
0.00036249106666682944
0.0003859197333331584
0.0004702771999999319
0.0005495241333328238
0.00045938873333402813
0.00047015173333425273
0.0004238399999998421
0.000405295533333098
0.00040774299999952747
0.0003981888666662788
0.0004026253333326698
0.00039919086666652485
0.00041905286666690247
0.00041389846666722483
0.0004204864000001862
0.00040874700000017585
0.0004240097999996806
0.00042824620000014114
0.0004390927333335052
0.0004420994666671637
0.0004583351333335391
0.00044987320000042057
0.00045728399999944713
0.00046039799999964736
0.000480287266666816
0.0004819600000004698
0.00048755486666583655
0.00048682753333343005
0.0005073015333323383
0.0004905416666671177
0.0005181910666671285
0.0005007157333333604
0.0004978164666664971
0.0004965278666664593
0.0004970837999996055
0.0005244524000003044
0.0005094997333330298
0.0005198683333335433
0.0005209948000003332
0.000516016866666528
0.0005271632000000655
0.0005159012666676214
0.0005478149333335125
0.000551625200000198
0.0005731166000001527
0.0005800168666671841
0.0006274419333332541
0.0005895651333337544
0.0006228089333329005
0.0005659440666669014
0.0005998709333335721
0.0005634415333332754
0.0005368914666670813
0.0006008614666669132
0.0005609518666666701
0.0005720126666661922
0.0005805893333333738
0.000570799000000477
0.0005848882666666574
0.0005922203333336521
0.0006033904666667904
0.0006091706666663773
0.000614588999999673
0.0006090714000000238
0.0006192904666666739
0.0006015613999996579
0.0007375272666666414
0.0006309085999999316
0.0006477150666668763
0.000609637666667832
0.0006187151333331069
0.0006215211999996011
0.0006409909333335406
0.0006473320666671612
0.0006674483333334536
0.000647838066666632
0.0006823322666666816
0.0006985051333335454
0.0007092142000002373
0.0007140680000001491
0.000715609333333352
0.0007260588666663163
0.0007266043333333509
0.0007370577333333017
0.0007355862666670987
0.0007355696666669094
0.0007420053999995939
0.0007629034000001885
0.0007951038666670721
0.0007513428000000507
0.0007541045999997683
0.0007551578000002242
0.0007597871333336078
0.0007424433999998332
0.0007566076666667717
0.0007697935333328114
0.0007877314666667227
0.0007751389999998064
0.0007792451333327695
0.0007824654000001392
0.000783685066666114
0.0007809655999999165
0.0007938853333333402
0.0007966177333334675
0.0007879867333331939
0.0007713856666669017
0.0007729815999996484
0.0007769942666657907
0.0007954487333333778
0.0007839091333335565
0.0007958873333331932
0.0007954744666664719
0.0007992106666665203
0.0008298901999997573
0.0008331055333336224
0.0008172844666667345
0.0008431694666668932
0.0008106004000000647
0.0008229502000003682
0.000809713533333678
0.0008859494000006407
0.0008532495333334111
0.0008420915999998613
0.0008173114000001646
0.000839709666666503
0.0008220707333331727
0.0008471591999999362
0.0008460734000005724
0.0008860948666665535
0.00083831806666718
0.0008563626000004376
0.000863038600000247
0.0009005282000001577
0.0008964468666666411
0.0008985789333335011
0.0008952780000001326
0.0009357737333338889
0.0009023132666664916
0.000916015266664753
0.0009068229333323074
0.0009242815333332526
0.0009199348000000404
0.0009105805999993777
0.00090618380000033
0.0009164947333322478
0.0009129042666671694
0.0009231026666673377
0.000896597733334185
0.000934275533333088
0.0009018409333331571
0.0009407832000003206
0.000988887866666251
0.0009620651333330936
0.0009542836000003756
0.0009284880666664701
0.0009153887333331075
0.0009524632666654042
0.0009254634000005998
0.0009351270000005721
0.0009165714666664826
0.000910127199999522
0.0008966657999996149
0.0009098277333336568
0.0009168491999991109
0.0009264311333348966
0.000949342133333649
0.0009255326666656553
0.0009212947333338661
0.0009367068666676914
0.0009408259333331633
0.0009838251333325351
0.0009451020000000199
0.0009459047333332175
0.0009389093333339815
0.0009760145999995492
0.0009527215333325974
0.000965742133332507
0.0009614333333341089
0.0009503913333347213
0.0009441625333337811
0.0009756506666676046
0.0009641048666670334
0.0009808683999996978
0.0009605432000000747
0.0009777828000016105
0.0009885361999996197
0.0010486005999998345
0.0010198075999994672
0.0010223528666666462
0.0010157713999997024
0.0010226849333326035
0.0010188796666653842
0.0010395941333333288
0.0010371579333347352
0.0010409171333336075
0.0010047462000002839
0.001014458866667193
0.0010286372000005409
0.0010247574666668888
0.001030239133334021
0.0011065372000004458
0.0010692123999997232
0.0010984552666679784
0.001102864466666631
0.0011750852666665423
0.001176437466666395
0.0011831373333341352
0.0011603675333333285
0.001168945199998935
0.0011444439333326765
0.0011938855333336088
0.0011702997333334982
0.0011678856666653321
0.0011152954666660737
0.0011207011333349707
0.0011170967333328009
0.0011368443333334237
0.0011329909999995872
0.0011630110666653573
0.001140073400000574
0.0011192670666673621
0.0010708738666664885
0.0010840543333335026
0.001088250066666774
0.0011197345999988783
0.0010983119333341544
0.0011708299333349713
0.0011134331999987997
0.0011642493333331079
0.001184695599999941
0.0012262237333345639
0.0011779282000001481
0.0012050680666651676
0.0012050801999990313
0.0011748682666672986
0.0011572705999990756
0.0011923408666675074
0.0011570716000017947
0.0011905256666655836
0.0011944364666656307
0.001258932333334902
0.001251456533332392
0.0012479196666674852
0.0012578749999993496
0.0012586994666667314
0.001268856733333242
0.001275157533333034
0.0012662949333342036
0.0012584758666652836
0.0012454607333343877
0.0013528491999987107
0.0013608095333343803
0.0013562995333335456
0.0012896303999999266
0.0013028799999991254
0.0012816594000000237
0.0013331506000000104
0.0012944360000001136
0.001311694599999195
0.0013413055999999793
0.0013390240666656913
0.001319208400000586
0.0012992870666674132
0.0012940318000000653
0.0013266807333342475
0.0012970979333327174
0.0013075918666662764
0.0013011085333341536
0.0012795532666667478
0.0012771559333340102
0.0012896720000005264
0.0012946606666659477
0.001291397600000721
0.0012669137999992586
0.0012794197999999332
0.0012909941333333562
0.0013951820666652755
0.0013138915333338256
0.001351911000001375
0.0013243123333334477
0.001321823199999983
0.0012929296666660168
0.0014521563333336947
0.0013385824000006134
0.0013599666666659497
0.0012728322666674785
0.0013246998666682922
0.001284946133332691
0.0013120696000006168
0.0013200290000000337
0.0013753750666651854
0.0013396918666662334
0.0013790865333319856
0.0013838852000011078
0.0014093779333322232
0.0013858784666666679
0.0013998971999991264
0.001405921400000428
0.0013858277333326896
0.0013816098666661484
0.0014054603333349292
0.0013901943333332648
0.001385563133334718
0.0013536250666679923
0.0013619319999998917
0.0013593666666674646
0.001405682533333182
0.0013974943333342556
0.0014297058666670637
0.0013556489333344266
0.0013542134000000298
0.0013409875333332858
0.0013940080666657196
0.0013853975999988204
0.0013770088000010598
0.0013381113333328662
0.0013522363999991663
0.0013057579333325482
0.0013525742000003523
0.0013202830000006809
0.0013137114000012198
0.0012519652000004082
0.0012715958000001138
0.001320768266665103
0.0012720150666676014
0.001352775866667836
0.0016160286000011107
0.0012890169333327132
0.0012925471999987318
0.00132507560000145
0.0013164612000001815
0.0013144452666675004
0.0013428313999999848
0.0013163339333331693
0.0013269604666665677
0.0013232850000003775
0.001357925200000428
0.0013796074666657886
0.001394031933334361
0.0013973389999999122
0.0013997461999991855
0.0014019980666674313
0.0014153453999999972
0.0014421389999995427
0.0015445784666662614
0.0013785829333324766
0.0013581602666666488
0.0013705620000000825
0.0014005165333320709
0.0014179697333342272
0.0014040069999988229
0.0014029418000006898
0.0013922120000017912
0.00141290840000039
0.001412577466666202
0.001415490800000896
0.0014226807333315606
0.001404959466666374
0.0014412695999988993
0.001415914799999977
0.0014135380666672858
0.0014166391333328458
0.0014400593333339393
0.0014330318000001323
0.0014261946666669209
0.001425678866665218
0.0014818239333337147
0.0014668821333325846
0.0014711421999990648
0.0014672235999995565
0.0014722004000001713
0.0014655207999998273
0.0014863179333332254
0.0014712568000002572
0.001477216933334565
0.001614660999999747
0.001483333066666622
0.0014856178000002274
0.0015583452666675158
0.0014861823333333745
0.0014984562666664183
0.0015069357333321895
0.0015449762000007657
0.0015568543999999443
0.0015385585999988887
0.0015439824666662124
0.0015302240666651794
0.0015101051333341311
0.0015301834666663202
0.0015294345333335476
0.001552902200000498
0.0015538833999997337
0.0015498493333330051
0.0015356250666665498
0.0015497770000005553
0.0015516391333340114
0.0016057244666664399
0.0015713804000005401
0.001590555800000478
0.0015716454666678222
0.0015982530000007008
0.001587363999999051
0.0016504627999997486
0.001624262866666489
0.001645043266667301
0.0016407271333325941
0.0016564460666666984
0.001692972666666511
0.0016740785333344852
0.0016560671333342232
0.0016766988666655418
0.0016496342000001127
0.0016601780000002008
0.0016747565999997013
0.0017016446666663872
0.001768956599999664
0.0017896854666645367
0.0016937603333341638
0.0017079792000008827
0.0017244481333340408
0.001746495933332426
0.0017526415333331139
0.0017444706666680076
0.0017173411999995855
0.0017176051333332035
0.001729077133333116
0.0017468488000015252
0.001718158666666625
0.0017364453333324073
0.001755501466666942
0.002233942533334243
0.0017299432666670592
0.001772527266666657
0.0017425341999986208
0.0017960579333328988
0.0017415694000002683
0.0018134790000004842
0.0018690191333324909
0.0019237544000001586
0.00192599333333258
0.0019545656000000615
0.0019422916666670177
0.0018587755999992814
0.0017604790666662022
0.001811745266666757
0.0017862382000013591
0.0018094994000004286
0.0017649380666644751
0.0018164289999996678
0.0017649457333324865
0.0018008315333323329
0.0018031582666675186
0.0018958965999994841
0.00182415493333347
0.0018323221333337377
0.0018971037333339305
0.0019241046000009496
0.001915214199999582
0.0019214326000006091
0.001888366866666047
0.0019118227333317843
0.0018838076666654047
0.0018981140666677258
0.001939707666666853
0.001969647133332823
0.0019655328666672743
0.001977455666667538
0.001977521999999491
0.0020094838666674755
0.002124823933333649
0.0023427554000003663
0.0019195723333330268
0.0019122641333334893
0.0019066171333321335
0.001934057933333122
0.00195420386666522
0.001978458933332661
0.0020036113333337844
0.002014974799998015
0.0019267502000010002
0.0019313009999995265
0.0018952233999982582
0.0019433416666672088
0.0018420557333328701
0.0018495559999995711
0.001910146000000168
0.0019511197333329732
0.0019104602000008222
0.0019122249333335616
0.0019316540666665105
0.0019167437333351244
0.0019115579999999946
0.001922850266666861
0.001907972466668184
0.0019278197999999709
0.0019157951333345598
0.0019181951999987254
0.001920453400001539
0.0019492221333337056
0.0019471717333336377
0.0019475004666659856
0.0019168080666664385
0.001954491466667226
0.0019524386666679068
0.0019862334666669312
0.0019672556000003283
0.0019853408000017224
0.001971619133333983
0.0020047909333333297
0.00199323953333419
0.0020439618000006967
0.00204195786666664
0.0020583201333337795
0.0020492397333342184
0.002062458733333017
0.002047586799999124
0.0020743679333335764
0.002074888066667313
0.0021161343333332638
0.0022057382666673675
0.002070666666665488
0.0021134692666649356
0.002120293466666112
0.0021205216666677035
0.002141899533332984
0.002144560866667196
0.00217375539999883
0.0020959580000000718
0.0021796659999992586
0.0021821319333317508
0.0021949526000004955
0.00215786559999979
0.0021486266666675153
0.0021264802666645247
0.002219038799999377
0.0022048418666666216
0.002247165533334794
0.0021495840666664397
0.0021454871333332903
0.0021455572666662687
0.0021445282000001954
0.002193501333333359
0.0022350071333344583
0.0022757884666669763
0.002165822866666171
0.002190753533332194
0.002248344400000235
0.002244568133333284
0.002245742133334261
0.0023273282000005223
0.0022803730666661674
0.002295080200000636
0.0023045453999998244
0.0022974105999997124
0.002309752266666957
0.0022447606666659682
0.002257142266667245
0.0022587239333338024
0.0022983072666666734
0.0022824665999995847
0.0025187091999991176
0.0023293719333338458
0.002402549599999304
0.0023622912666662423
0.0024202801999995433
0.0024067640000003127
0.002433346066666786
0.0024287154000006694
0.0024254334000000694
0.0024119006000006492
0.002474413399999757
0.0024428567333330876
0.0024406664666666226
0.002425775266665653
0.0024416307333330186
0.002445753066668033
0.002478314733332354
0.0025577617999999803
0.002461498800001512
0.002501771800000559
0.002499776733333666
0.002479588333332572
0.002494209066666997
0.002484054533334283
0.0024782438666676398
0.0024938537999986466
0.0024899933999994535
0.002522324600000066
0.0025434552666676307
0.0026704444666672583
0.0025199196000002646
0.0024767141333337387
0.0024867020666661686
0.0024707258666670858
0.002498431133332228
0.002548616866666009
0.0025248280666659182
0.002513741733333082
0.002546181466665113
0.002550458000000333
0.0025283244666667315
0.0025292813333332256
0.002689733599999518
0.0027558461333327955
0.002562444733334246
0.0025664944666653846
0.002767827200001231
0.0028186579333331946
0.0028475847333335005
0.0028506077333332767
0.0026422150000011396
0.0025808286666669272
0.0026348534666671714
0.0027056677999993894
0.002751892399999652
0.0026228744666658105
0.0026259038666665902
0.0026319954666675473
0.002665852133332199
0.002706369266665831
0.0026706933333339104
0.002663681066665428
0.002678064999999208
0.0026707809333345266
0.00267803433333332
0.0026995562666670024
0.002673972333333552
0.002819990600000703
0.0028013414000000124
0.002728287533333192
0.0027220984666674517
0.002755552333334303
0.0028047963333330964
0.0029016427333327026
0.0029484930666664392
0.002974867066666794
0.003026325666665741
0.003027497866666806
0.002982523600000301
0.00269718460000045
0.0028088634666663856
0.0027694293999995048
0.0029066326666675004
0.002746040333332189
0.0027387018666667966
0.002701193066666955
0.0027062970666662522
0.002705048666667646
0.0027063769333343164
0.002754025933333537
0.003041976733332774
0.002692595133333005
0.002766725799999392
0.0027389449333332055
0.0027526785333331343
0.002757909200001052
0.0027631158000005485
0.002719422999998263
0.0027226561333326535
0.0027137947333325013
0.002745415333334241
0.0027567378666664886
0.0027884492000003055
0.00271481586666719
0.002763526666667341
0.0027621141333336635
0.0027874762666669993
0.0027426065333334766
0.002781377600000212
0.002740376266667018
0.0027823059333333807
0.0028340860666669224
0.0028083738666661398
0.0028193850666653475
0.0029056069999991033
0.002830134133333691
0.0028650128666659687
0.0028793121333341295
0.0029711685999994114
0.002992066733332403
0.003002272533333894
0.002984526333333785
0.0029876229333339666
0.002987626733332623
0.003021107866666739
0.0031198450000005096
0.002986602266667167
0.0030830668666671575
0.0031525402666659373
0.0031443617333342406
0.003225906733332806
0.003220897466666391
0.0032363285333332215
0.003220683333334762
0.003048825666665304
0.0028999444000007203
0.0029476055999992923
0.002962838066667454
0.002904503266667291
0.0028391253999998866
0.0028688175333329013
0.0028656833333329246
0.0028639478000011803
0.002851863733334407
0.0028568777999993245
0.0028539300666665214
0.0028804844666647494
0.0028761743333333813
0.0029004473999994693
0.0029114168666666274
0.00291611406666874
0.0029288139999996093
0.0029289653999991097
0.002910546533333521
0.002968897333334534
0.002948771266666957
0.002962850600000877
0.002900975533333868
0.0030562908000002645
0.002960607333334053
0.0030545799333334383
0.0030401383999991557
0.003042046933333135
0.0030185856000007525
0.003015562200000943
0.003017148000001176
0.0030775414000004274
0.003077142400001283
0.003091653133334186
0.0030995402666661675
0.0030947945999988255
0.0030857611333322175
0.003082769466667893
0.0030989844000013514
0.0030913821999997517
0.0030980652000001403
0.0030974133333335394
0.003082303066666725
0.0036439428000003696
0.0031542024666663337
0.003163953866666702
0.0031880784666673398
0.0031492772666666725
0.003140935399999023
0.0031677062666673806
0.003168391333332939
0.0031473341999998183
0.0031136310666667554
0.0031475792666673403
0.003173129999999465
0.0032876213333328983
0.003141181866666898
0.003156734066667847
0.003081418999999149
0.003097691533334057
0.0030993250000008743
0.003112298133333032
0.003108717799999757
0.003134093533333271
0.003146349399998864
0.003234810266665988
0.0032780154000003375
0.0033567990666658904
0.003332116333333583
0.003193221666666091
0.0031569197999990212
0.0031410582666670924
0.0031627150000000863
0.003174496466665744
0.0031532681333340897
0.0031744172666662964
0.0031011273999993704
0.0031208489333318804
0.0030939939999991375
0.0031659358000003597
0.0031688961999994567
0.003219633466667441
0.0031337968666671637
0.00319437719999911
0.003473490266666109
0.003310506933334049
0.003276385466666909
0.0032822891999993923
0.003264183133333158
0.003265306999998548
0.0032677783999995806
0.003227797799999621
0.0032176619333327493
0.0032268920666671383
0.0032222066000007505
0.0033309268666670278
0.0034612780666672433
0.0035303457333341727
0.0035496480666665775
0.0035786489333323366
0.0034019344666660345
0.0031877704666669615
0.0031880071999992763
0.0032409235999997085
0.003299683999998611
0.0032479484000001928
0.003209268066667903
0.003256871333333322
0.003350431666666509
0.00350491160000009
0.0034984445333331375
0.003537823133333499
0.0034618280666672756
0.0034859004666661993
0.003467246333333662
0.003486330133332653
0.0034769182666659995
0.003489624533332384
0.003469203799999813
0.0035127133333342424
0.003506960000000466
0.0034082807333338867
0.003155024199998498
0.003539779266666206
0.003203731266666902
0.0032182794666667292
0.003277075066666176
0.003229847599998455
0.003232889200000007
0.003303602533333105
0.003173426133333616
0.0031811024000001947
0.0031680125333333345
0.003220863399999511
0.003275557800001631
0.0032179876000000716
0.003306951866665505
0.003370820600000002
0.0034069059333352433
0.0033259522000003965
