3.5659999999872644e-07
2.898666666667493e-07
2.6430000000007834e-06
5.439866666666812e-06
7.438600000000036e-06
1.0406466666666263e-05
1.3100399999999013e-05
1.6241599999999855e-05
1.9234799999999496e-05
2.2661000000000673e-05
2.6307866666666625e-05
2.947939999999825e-05
3.2564533333333255e-05
3.6189066666667455e-05
3.822206666666735e-05
4.1605933333332955e-05
4.5113800000000835e-05
4.9473799999999e-05
5.0941000000001104e-05
5.5857933333333665e-05
5.7754866666667275e-05
6.0890200000000375e-05
6.23414666666669e-05
6.671086666666659e-05
7.034853333333415e-05
7.374106666666695e-05
7.578919999999915e-05
8.38124666666662e-05
8.127406666666864e-05
8.720826666666672e-05
9.008473333333202e-05
9.624726666666675e-05
9.477953333333298e-05
9.534086666666644e-05
0.00010158740000000046
0.00010033079999999713
0.00010429066666666764
0.00010437100000000125
0.0001081070000000008
0.0001112069999999965
0.00011001679999999939
0.0001118150000000003
0.00011449126666666734
0.00011475573333333081
0.00011793126666666635
0.00012073773333333518
0.00012442239999999882
0.00012735673333333364
0.00013022200000000113
0.00013410733333333498
0.00013686640000000008
0.0001448734666666655
0.0001433789333333361
0.0001534310666666668
0.00014947613333333258
0.0001553254666666661
0.0001616593999999999
0.000158882
0.00016406373333333797
0.00016454759999999977
0.00016740026666666556
0.00017048493333333414
0.00017714373333333386
0.00017684479999999873
0.00018003693333333294
0.00018374280000000114
0.00018754026666666554
0.0001908156666666642
0.00019415146666666808
0.0001932109999999987
0.00019659406666666657
0.00019993666666666686
0.0002037195333333297
0.00021060819999999537
0.00021073426666666598
0.0002139012000000014
0.00021741960000000357
0.0002214267333333353
0.00022435040000000074
0.00022751819999999683
0.00023395253333333328
0.00023616420000000343
0.00024220353333333686
0.0002419613333333348
0.00024477233333332994
0.00024872713333333186
0.0002520888666666665
0.0002607979999999991
0.00026107059999999995
0.00026208006666666637
0.0002652587333333308
0.0002737077999999985
0.00027137866666666807
0.00028253986666666454
0.0002811440000000035
0.0002817077333333381
0.0002848724000000006
0.00029087233333333816
0.000291294066666666
0.00029475726666666757
0.0002976829999999967
0.0003247944000000058
0.0003102636666666732
0.0003084594000000126
0.0003114144666666596
0.0003240848666666629
0.00032126299999999384
0.0003230065333333402
0.00032555939999998615
0.0003315620666666722
0.00038119493333332497
0.0003640833999999963
0.0003479228000000001
0.0003492276666666664
0.0003769503999999979
0.00034948273333333576
0.00035272320000000835
0.00038613033333333803
0.0003701073333333286
0.00037014879999999935
0.00040102733333333693
0.0003735548666666736
0.0004129634666666678
0.00042990399999999945
0.00042548879999998825
0.0004228024666666571
0.00042922726666666153
0.00039179939999999615
0.00041308893333334614
0.0004027298666666623
0.00042738073333334163
0.00040596093333332693
0.00042804446666666607
0.0004277330000000042
0.0004285178666666667
0.0004355002666666626
0.0004398655333333316
0.0004372602666666614
0.0004450605333333302
0.0004460457999999945
0.00046182006666667017
0.00046102113333332804
0.0004668100666666527
0.00047423533333332084
0.00046746573333333874
0.00047361553333332324
0.00047654946666667215
0.0004811095999999922
0.0004908717333333164
0.0005119623333333489
0.0004958998666666566
0.0004963124000000023
0.0005083285333333502
0.000505632200000002
0.0005088353999999888
0.0005151248666666719
0.0005145502000000117
0.0005173279333333151
0.0005236412000000061
0.0005237903999999905
0.0005256227333333419
0.0005234879333333368
0.0005324641333333361
0.000545195999999996
0.000547743400000004
0.0005820162000000018
0.0005650313333333064
0.0005599735333333319
0.0005681333999999927
0.0005505615333333565
0.0005478871999999931
0.0005497453333333254
0.0005527457333333337
0.0005626042000000127
0.0005612842666666617
0.0005652170000000067
0.0005686412000000123
0.0005752444000000079
0.0005861178666666614
0.0005860619999999983
0.0006204995333333334
0.0006485748666666661
0.000640542600000001
0.000611882600000017
0.0006051240000000124
0.000600110333333322
0.0006035351999999901
0.00065766466666665
0.0006191951999999852
0.000621824866666687
0.000625580133333344
0.0006373072000000073
0.0006357569333333387
0.0006366290666666904
0.0006781206000000021
0.0006462748666666629
0.0006444212666666616
0.0006492668666666572
0.0006548876666666888
0.0006880790000000155
0.0007370664000000342
0.0006829515999999813
0.0006680401333333475
0.0006668882000000042
0.0006804528666666699
0.0006861826666666904
0.0007827747999999968
0.0007944211333333525
0.0007256213333333299
0.0007150379999999975
0.0007106886666666738
0.0006964062000000067
0.000704298800000025
0.0007149530666666977
0.000720223933333323
0.0007181058666667183
0.0007238087333333236
0.000722482066666652
0.0007429562000000001
0.0007688997999999892
0.000793583266666668
0.0007416141333333126
0.0007491779333333189
0.0007527208666666229
0.0007445524666666259
0.0007524775333333178
0.0007641147333333395
0.000761780133333323
0.0007627677999999676
0.000768270333333317
0.0007783644666666885
0.0008279245333333722
0.0007768531999999902
0.0007844302666666803
0.0008020458666666415
0.0009043959333333351
0.0009047615333332981
0.0008345891333333337
0.0008328243333333448
0.0008281934000000065
0.0008345957999999746
0.0008358073999999623
0.000833471466666665
0.0008447406000000157
0.0008426489333333454
0.000839591266666669
0.0008382656666666784
0.0008314995333333612
0.0008863182666666672
0.0008538449999999346
0.0008435101333333398
0.0008525135333333101
0.0008525999333333238
0.0008703868000000004
0.000875992666666677
0.000886848733333349
0.0008762569333333007
0.0008935535999999781
0.0008961869999999817
0.0009147240000000038
0.000881884933333336
0.0008876658666666574
0.0009078423999999845
0.0009005311333333339
0.0008997011999999879
0.0008997887999999972
0.0010201541333333026
0.0009514350000000042
0.000939783000000031
0.0010130177999999972
0.0010816825333333094
0.0009508960666666659
0.0009404145333333188
0.000992821066666701
0.0009631968666666009
0.0009694281333333165
0.0009729722666666755
0.0009786705333333589
0.001003623666666679
0.0009898955999999496
0.0010025650666666054
0.0010113301333332992
0.0009866071333333615
0.0009779106000000167
0.00099076380000002
0.0010126272000000232
0.001041597733333403
0.0009998381333333898
0.001016211800000022
0.0010159175999999862
0.0011121461333332878
0.0010085199333333072
0.0010228238666666555
0.0010202267333334328
0.001023676466666649
0.0010218375333333363
0.0010323190666666094
0.00104749746666671
0.0010612734666666235
0.001114697933333364
0.0010601259333333482
0.0011064593333333169
0.0012936040666666315
0.0010590049999999944
0.0011120376000000635
0.001063405200000093
0.0011023488666667507
0.0011001668666666001
0.0011055543333333398
0.0011112862000000057
0.001120386799999995
0.0011119383333334436
0.001125204399999961
0.0010948632000000143
0.00110474973333341
0.0011193240666666604
0.0012590637999998933
0.001141331199999988
0.0013063867333332978
0.0014129232666667175
0.0011735738666666033
0.001132606733333367
0.0011354094666666667
0.0011679726666666095
0.0011703554000000041
0.0011720177333333303
0.0011811484666666297
0.0011816809333333289
0.001173912533333284
0.0012844497333333335
0.001191955733333335
0.0011775621333332432
0.001178707600000036
0.0011818110666666827
0.0011943940000000688
0.0011825759333333667
0.0011926626666666292
0.001222788200000006
0.001227523466666695
0.001236899733333363
0.0012486090000000337
0.0012555487333333855
0.0013338624666666614
0.0012912891333332805
0.001255912733333216
0.0012579197333334236
0.0012797288666666518
0.001266462266666668
0.0012724760000000224
0.0012653332666667794
0.0012448298000000393
0.0012561585333333034
0.0012752560666667043
0.001255847199999908
0.0013460245333333158
0.0013887061333332914
0.0015738125999999871
0.0013409694666666934
0.0012761000666667262
0.0012906187999999947
0.0013141330666666857
0.0013174325999999385
0.0013412781333333199
0.0013252969999999623
0.001330956133333346
0.0013323803333333828
0.0013406147333333489
0.0013487791333332666
0.001351111000000138
0.0013260019333332985
0.0013373586000000456
0.0013589411333333541
0.0013838585333333894
0.001340525399999996
0.0013505873999999807
0.001568903133333303
0.0013521071333332912
0.001388060266666624
0.0014064438666666252
0.0013857576666667093
0.0013976681333333295
0.0014091531333333407
0.0014391641999999649
0.0014113257333333944
0.0014053336666666342
0.0014201158666665788
0.0014141539333333952
0.0014332591999999995
0.0014073457333331281
0.00141675373333315
0.0014340992000002235
0.0014470183999998553
0.0015202527999998475
0.001492333266666653
0.001420837399999956
0.0014081862666664928
0.001435104933333342
0.0014440582666666775
0.0014313625999999857
0.0014367372666665545
0.0014434761333332582
0.0014749825333334244
0.001452130399999992
0.0014819130666666662
0.0014922991999999505
0.0014560533333332515
0.001467280599999891
0.0014686191333333671
0.0014784149333335014
0.0015011242000001108
0.0014962929999999374
0.0015142286000000263
0.001528649666666837
0.0015611997333335736
0.0015728147999998518
0.0015960144666665361
0.0015054096000000072
0.0015199483333332728
0.0015795519999998694
0.0015263994000000855
0.0015217689333332748
0.0015240007999998658
0.0015347382666667168
0.0015423270000000618
0.0015376167333333987
0.0015491728000000648
0.0015463030666664915
0.0015550288000000616
0.0015724637333334476
0.0015651642666667817
0.0016088027999999236
0.001601719266666753
0.0016110604666666954
0.001617555266666552
0.0016266777999999723
0.001667635599999843
0.0016606805333333695
0.0016062523333332617
0.0015942962666665986
0.0015919969333335023
0.001630744200000045
0.0015954595333334135
0.0016144583333333646
0.0016151489333333065
0.0016440639999999007
0.0016734565333332914
0.0016207190666666094
0.0016241553999999307
0.0017083308000000721
0.0016701207333332728
0.0017043818000000025
0.0016961739999999874
0.001675500133333389
0.001679268933333411
0.0017645925999999553
0.0017111186000001056
0.0018217294666667291
0.0016846159333332741
0.001775423133333239
0.0017520903999999505
0.0017382150000000132
0.0017531516666667339
0.0017441868666666712
0.0016973581999998543
0.002024213333333454
0.0017412421333333464
0.0017335256000001445
0.0017276832666665834
0.0017242275333333148
0.0017280118666667713
0.0017249812666664255
0.001728836466666787
0.0017358389999999465
0.0017498293333333117
0.0017517692666665734
0.0017511795999999673
0.0017659343333334002
0.0017695822666667026
0.0017646237999999314
0.0017761327333332133
0.0017700689333332539
0.0017667122666666184
0.001811796800000091
0.001921314133333259
0.0017995407333332972
0.0018088048666668282
0.0017880883333332301
0.0017966679333332773
0.0018235890000000883
0.0018033615333332995
0.0018033318666667833
0.001806300333333392
0.0018412262000001788
0.001843196999999878
0.0018121409333331803
0.0018133001333331697
0.0018209758666668445
0.0018291834666666654
0.001859964466666675
0.0018295239999998713
0.001875824466666683
0.0021077231999999074
0.001909588599999997
0.0019311575333331868
0.001868085066666462
0.0018765854666665286
0.0018733054666665084
0.001874756866666812
0.0019045555999999428
0.0018885219999999591
0.001917562066666593
0.0020329538666665906
0.002098905133333358
0.003977412000000117
0.0027844960000001843
0.002619926800000035
0.0030462476666665832
0.0030197335999999336
0.003080493533333358
0.002832523533333268
0.0025720939333335005
0.0024022837333333175
0.0022947211333333327
0.002217719466666779
0.0022050072000000752
0.0021907823333333926
0.0032104948000001815
0.00301162140000019
0.0026220154000000068
0.003230138466666747
0.003180364066666937
0.002551380133333699
0.002066861599999825
0.0020995574666667237
0.002144302933333009
0.0021615938666665595
0.00217853206666625
0.0022154045333336353
0.0022332768666667373
0.002113396999999869
0.0021149688666666816
0.0021168675999997315
0.0021685867333333182
0.0022463876666666493
0.0022116156666668256
0.0021112922000002736
0.0021631691999998517
0.002067442200000376
0.002095706000000064
0.0021395276666665336
0.002126819000000187
0.002475032599999949
0.00242839033333316
0.0023566396000002025
0.0026416385333334347
0.0026847829333332147
0.002484713800000075
0.002861898533333592
0.002996851533333474
0.0026417624666667193
0.002343239333333358
0.0024464693333332123
0.0026472646666669893
0.002367064533333263
0.002311805266666648
0.00226106260000023
0.002430604200000038
0.0031195834666667348
0.002744045333333626
0.00249146626666672
0.0022705362666664303
0.0022587056666665715
0.002234442066666631
0.002251528199999816
0.0022555496666665674
0.0022508292666665614
0.0022517471333331446
0.0022621139333332727
0.0022055058000001776
0.0022104677333331323
0.0022192084666667
0.0023132888000000425
0.0024041392000002065
0.0022693607999998496
0.002249867933333623
0.0022397330000002804
0.002269056200000108
0.0022418870000000387
0.0022444768666666447
0.0022659589999999953
0.0022712835333334644
0.0022596942000001024
0.002269434600000153
0.0022648768666667725
0.0023650119999998036
0.0023049211333333376
0.0023291541333332333
0.002367998200000206
0.0023677554000001303
0.0023151546000001132
0.002456798466666636
0.0023605454666666267
0.0023482957999998886
0.0023512323333335417
0.002370032799999914
0.0023500548000001233
0.0023261115333332565
0.002343229600000285
0.00236052613333347
0.002344254933333782
0.0023811724666665886
0.0023899991333332575
0.002354053866666561
0.002349913799999707
0.0023634086666665627
0.0023880208666670435
0.0023668067333331303
0.002381061333333297
0.002384541000000103
0.002410279066666613
0.0023769093999998605
0.0024015207999999195
0.0023935285333331296
0.0024263215999995444
0.0024307801999999155
0.002570070533333298
0.0025373507999996527
0.002510748733333183
0.002494760866666586
0.0025196883333335287
0.002474102866666783
0.002492543333333212
0.0024683845999999695
0.0025031001333334284
0.002501705399999684
0.002488275199999871
0.0025042860666663574
0.002802016799999881
0.0027108612666664794
0.002498749266666778
0.0025012835999999555
0.002483265266666971
0.002538013666666809
0.0025304661333329648
0.002494334866666629
0.002498892333333321
0.0025039069333331553
0.0025288120000002577
0.0025218393333335124
0.0025069944666668677
0.0025575177333332514
0.0026860667999998827
0.0025334384666666192
0.0025627010000000895
0.002523163799999987
0.0025456725333332505
0.0025398020666666334
0.0025631024666666964
0.0025581559333333575
0.0025481181333330957
0.0025525539333333567
0.0025605913333336615
0.0026364708666667034
0.0026523604000000017
0.002727114533333008
0.002708899533333427
0.0026185264666666558
0.002616948666666493
0.0025862195333335334
0.0026188579999998278
0.0026039084666666192
0.002625720066666422
0.0026134934666664834
0.002652276466666829
0.0026260739333331174
0.0026588927333334547
0.0027188863333332592
0.00268064446666673
0.002681535666666572
0.002663615533333067
0.002667186733332964
0.0026524413333332813
0.0026678708666666513
0.002655043466666977
0.0026836906666667677
0.002683146000000155
0.0026946869999999734
0.0027016302666667733
0.0027135241333330856
0.0026808912666669
0.002703647800000179
0.0027092028666666343
0.0027684678666664315
0.0026922677333331537
0.002695207066666446
0.0026843314666667338
0.002722028866666548
0.002726277133333473
0.002816907733333333
0.002710514933333149
0.0028682581333332752
0.002754653466666331
0.0027338976666667256
0.002769113266666423
0.0027473769333337117
0.0027707312666668334
0.0027298232666665236
0.0027083992666665797
0.0027612485333333345
0.0029449244666665208
0.0027455869333331624
0.0027947955999997258
0.00279768406666688
0.0028264421333335102
0.0028092277333334674
0.002821646066666972
0.0028552652666669807
0.002825406199999847
0.0028127522000001904
0.0027980383333334894
0.00286060680000008
0.002850428133333338
0.0028293330666668243
0.0028519905333335297
0.0028895956666668593
0.002863963266666521
0.0029262628000001458
0.0029408018666667126
0.002917938666666586
0.0029174018666669353
0.0029371794000000524
0.0029118868000001185
0.002930552200000136
0.0029507526000000913
0.002933879799999891
0.0029800468666665598
0.002953124066666509
0.0029171643333336067
0.003195374333332997
0.0029779833999998098
0.002930289133333493
0.002914858866666729
0.0029103552666668977
0.002917478066666727
0.0029597344666664562
0.002970978666666942
0.002991077199999618
0.002931675533333333
0.003050583533332703
0.0029637576666668034
0.0029748906000004165
0.0030657972666671657
0.0029738656666665974
0.0029565370666666977
0.003076624266665817
0.002959614066666442
0.0029914257333333674
0.003191619000000164
0.0029795172666669126
0.0029809488000002676
0.0030112165999999735
0.0031443646666663955
0.0030192405999995247
0.0030125164666664262
0.002998882399999777
0.00302400359999974
0.0030538275999994367
0.003040403599999782
0.0031224181333328717
0.003093334933333362
0.0031260554666668367
0.003106014599999914
0.003210928866667473
0.0032578116000001006
0.003162363533333471
0.003076243600000339
0.0030308999333331127
0.003087265533333531
0.003112519333333097
0.0031394403333320515
0.0031976988666672906
0.003261817400000666
0.003286456866666517
0.0033228461333332385
0.0033239373999994844
0.0033324851999999793
0.0033418446000005987
0.0033357682666668607
0.003379538733333239
0.0030993780666671946
0.0033184689999998795
0.0033501334000000326
0.0033572123333333553
0.003362031000000106
0.0033775086000000934
0.003376733666666354
0.0032430988666658795
0.003107406133333749
0.0031715385333328074
0.003153347666666188
0.0031409449333331453
0.0032134736000003273
0.0032487038000008775
0.0032475829333338405
0.0032642960000003997
0.0032484698000002274
0.0032569618000001317
0.003171663866666563
0.0032064789333328273
0.003754674799999691
0.003246774399999926
0.0032128303333332536
0.00322873746666635
0.003214145400000016
0.0031692591333329764
0.0031641900666661135
0.003213173733332534
0.0032543283333325234
0.0032036781333334356
0.003208982000001015
0.0031952065999997594
0.0032031493999996976
0.003195667733333825
0.003209087733333149
0.0032765734666663584
0.003323322533333576
0.0032540185333331806
0.0032846789999995945
0.003254940333333896
0.0036163356000002977
0.0036472459999994083
0.0033718469999998984
0.0034289013999999913
0.00342414573333348
0.0034658790000001716
0.0034022424666668863
0.0034151091333330425
0.003710534733333522
0.003359635399999187
0.003359351333333412
0.0033690537333335158
0.0034031024666672256
0.0033975233999996137
0.0033927965333328796
0.0033773749999999342
0.0033875947333330695
0.0033748733333332837
0.0033929742000000356
0.0034629442666667862
0.0034757386000000188
0.003410737399999893
0.0033941757999992697
0.0034310955999998782
0.0034582168666666747
0.0036114700666667926
0.0033857500000003425
0.003455718933332482
0.0035352212666663737
0.003452528400000195
0.003467433000001326
0.003480876333332835
0.0034239228666666103
0.0034708994000001306
0.0034513140666668106
0.0034914556000006296
0.003462623933333949
0.0035265454666666566
0.003515304266666656
0.003483125533332772
0.0034971899333333073
0.0034880351333335113
0.0035020691333329523
0.0034910921999999306
0.003539765799999846
0.0034910724666663857
0.003513970733332883
0.003534232533333655
0.0036395708666662565
0.0037476989333325625
0.003784719599999657
0.0038000999999996546
0.003814668599999749
0.0037971536666669675
0.003805756533332527
0.003815950800000441
0.003616200133332844
0.003546427999999935
0.0035784556666669685
0.0035656530666663853
0.003527231666666353
0.003503570266666382
0.0035010636666671737
0.003531396266666557
0.0035085537333332676
0.0035289870666664076
0.0037457066666666114
0.003822130133334175
0.003863210733333015
0.0038718590000004363
0.003882947533332744
0.00391597819999987
0.0036135402000001685
0.003560407933332736
0.00356887633333353
0.003761503333333375
0.003669667466666719
0.0036485725333333125
0.00361416106666681
0.003572787066667142
0.0036099845333334695
0.0036176353333338797
0.003615326600000183
0.0036121657999996634
0.0036487032000001324
0.0036198744666663175
0.0036737888666659537
0.003846361599999426
0.003930596533333623
0.003949814066666827
0.003974586866667333
0.003987268533333103
0.004021681000000162
0.003729758800000127
0.0036984562666667387
0.003706007600000305
0.0036759941999996216
0.0038452192000001163
0.00396425126666647
0.004020827333333207
0.004023201199999941
0.004049133466666414
0.004038681399999907
0.004053982066666842
0.0040169091333332576
0.0037699589333333467
0.003792877333333422
0.003743630999999918
0.003761666133333345
0.0038100328666665463
0.003840756533333689
0.0037779847333332837
0.0037722717333340465
0.003756100066667045
0.003969498133333123
0.003996420800000067
0.0038611675333337795
0.003752452866666545
0.003768004666666987
0.0037767619333334795
0.0037666741333332253
0.003763626733333562
0.0037791957333337695
0.0037903814666665407
0.0038460115333336375
0.00383717180000005
0.003925698266666918
0.003956631466666968
0.0038579136666664717
0.0038673225333331136
0.0038419339333332896
0.0038088112666666047
0.0040143342666664715
0.003935200533333235
0.0038917582666665377
0.0038492242000003783
0.003834879200000074
0.003841681600000631
0.003844596466666417
0.003831794733333756
0.003870018600000454
0.0038854101999999577
0.0038575023333334477
0.003957238599999849
0.003974282066666509
0.003928520866666929
0.003964124199999948
0.0040289877333326745
0.003987939400000092
0.003893577533333333
0.003899057866666785
0.003918014866666179
0.003906368866666554
0.0039181930666667125
0.004004857200000345
0.004283261133333364
0.004006825333333334
0.004109318599999293
0.004163401533332708
0.004126391800000088
0.004066210533333485
0.004038207533333112
0.004027321133332625
0.0040706546666657555
0.004288806666666526
0.004371258000000466
0.004192061666666784
0.004242908200000054
0.004154471200000387
0.004215821866666639
0.004180479599999387
