0 0.0
1 0.0
2 0.0
3 0.0
4 0.0
5 0.0
6 0.0
7 0.0
8 0.0
9 0.0
10 0.0
11 0.0
12 0.0
13 0.0
14 0.0
15 0.0
16 0.0
17 0.0
18 0.0
19 0.0
20 0.0
21 0.0
22 0.0
23 0.0
24 0.0
25 0.0
26 0.0
27 0.0
28 0.0
29 0.0
30 0.0
31 0.0
32 0.0
33 0.0
34 0.0
35 0.0
36 0.0
37 0.0
38 0.0
39 0.0
40 0.0
41 0.0
42 0.0
43 0.0
44 0.0
45 0.0
46 0.0
47 0.0
48 0.0
49 0.0
50 0.0
51 0.0
52 0.0
53 0.0
54 0.0
55 0.0
56 0.0
57 0.0
58 0.0
59 0.0
60 0.0
61 0.0
62 0.0
63 0.0
64 0.0
65 0.0
66 0.0
67 0.0
68 0.0
69 0.0
70 0.0
71 0.0
72 0.0
73 0.0
74 0.0
75 0.0
76 0.0
77 0.0
78 0.0
79 0.0
80 0.0
81 0.0
82 0.0
83 0.0
84 0.0
85 0.0
86 0.0
87 0.0
88 0.0
89 0.0
90 0.0
91 0.0
92 0.0
93 0.0
94 0.0
95 0.0
96 0.0
97 0.0
98 0.0
99 0.0
100 0.0
101 0.0
102 0.0
103 0.0
104 0.0
105 0.0
106 0.0
107 0.0
108 0.0
109 0.0
110 0.0
111 0.0
112 0.0
113 0.0
114 0.0
115 0.0
116 0.0
117 0.0
118 0.0
119 0.0
120 0.0
121 0.0
122 0.0
123 0.0
124 0.0
125 0.0
126 0.0
127 0.0
128 0.0
129 0.0
130 0.0
131 0.0
132 0.0
133 0.0
134 0.0
135 0.0
136 0.0
137 0.0
138 0.0
139 0.0
140 0.0
141 0.0
142 0.0
143 0.0
144 0.0
145 0.0
146 0.0
147 0.0
148 0.0
149 0.0
150 0.0
151 0.0
152 0.0
153 0.0
154 0.0
155 0.0
156 0.0
157 0.0
158 0.0
159 0.0
160 0.0
161 0.0
162 0.0
163 0.1
164 0.0
165 0.05
166 0.0
167 0.0
168 0.1
169 0.05
170 0.05
171 0.0
172 0.0
173 0.0
174 0.0
175 0.0
176 0.1
177 0.0
178 0.05
179 0.15
180 0.1
181 0.05
182 0.05
183 0.1
184 0.15
185 0.05
186 0.0
187 0.25
188 0.05
189 0.05
190 0.05
191 0.0
192 0.1
193 0.05
194 0.25
195 0.1
196 0.25
197 0.1
198 0.1
199 0.15
200 0.05
201 0.25
202 0.15
203 0.15
204 0.15
205 0.1
206 0.25
207 0.15
208 0.2
209 0.2
210 0.15
211 0.2
212 0.2
213 0.35
214 0.3
215 0.25
216 0.3
217 0.1
218 0.35
219 0.4
220 0.35
221 0.2
222 0.15
223 0.35
224 0.3
225 0.35
226 0.1
227 0.4
228 0.5
229 0.4
230 0.35
231 0.4
232 0.45
233 0.35
234 0.4
235 0.5
236 0.45
237 0.4
238 0.4
239 0.2
240 0.5
241 0.45
242 0.55
243 0.3
244 0.45
245 0.35
246 0.7
247 0.35
248 0.4
249 0.7
250 0.75
251 0.3
252 0.5
253 0.45
254 0.75
255 0.65
256 0.7
257 0.55
258 0.65
259 0.7
260 0.8
261 0.7
262 0.65
263 0.75
264 0.6
265 0.7
266 0.65
267 0.65
268 0.7
269 0.8
270 0.6
271 0.75
272 0.55
273 0.9
274 0.65
275 0.6
276 0.6
277 0.7
278 0.75
279 0.85
280 0.8
281 0.8
282 0.7
283 0.7
284 0.7
285 0.85
286 0.85
287 0.9
288 0.75
289 0.7
290 0.75
291 0.7
292 0.85
293 0.8
294 0.8
295 0.75
296 0.85
297 0.7
298 0.75
299 0.8
300 0.75
301 0.85
302 0.9
303 0.75
304 0.8
305 0.85
306 0.75
307 0.9
308 0.8
309 0.8
310 0.85
311 0.8
312 0.95
313 0.8
314 0.85
315 0.85
316 0.7
317 0.95
318 0.8
319 0.85
320 0.8
321 1.0
322 0.95
323 0.95
324 0.85
325 0.9
326 0.9
327 1.0
328 0.95
329 0.9
330 0.95
331 0.85
332 0.95
333 0.75
334 0.75
335 0.95
336 0.95
337 0.9
338 1.0
339 0.75
340 1.0
341 0.9
342 0.95
343 0.8
344 0.85
345 0.95
346 0.95
347 0.75
348 0.9
349 0.9
350 0.95
351 0.95
352 0.95
353 0.75
354 0.95
355 1.0
356 0.95
357 0.95
358 0.9
359 0.9
360 0.9
361 0.9
362 0.85
363 0.8
364 0.9
365 0.9
366 0.9
367 0.95
368 0.95
369 1.0
370 1.0
371 1.0
372 0.95
373 1.0
374 0.9
375 0.95
376 0.95
377 0.95
378 0.9
379 1.0
380 0.95
381 1.0
382 0.95
383 1.0
384 0.95
385 0.95
386 0.9
387 0.95
388 1.0
389 0.85
390 1.0
391 1.0
392 1.0
393 0.95
394 1.0
395 0.95
396 1.0
397 1.0
398 1.0
399 0.95
400 1.0
401 1.0
402 1.0
403 0.95
404 1.0
405 0.95
406 1.0
407 1.0
408 0.85
409 0.95
410 0.9
411 1.0
412 1.0
413 1.0
414 0.95
415 1.0
416 0.95
417 1.0
418 0.9
419 1.0
420 1.0
421 1.0
422 0.95
423 0.95
424 1.0
425 1.0
426 1.0
427 1.0
428 0.95
429 1.0
430 1.0
431 1.0
432 0.95
433 0.95
434 1.0
435 0.95
436 1.0
437 0.9
438 1.0
439 1.0
440 1.0
441 1.0
442 0.95
443 1.0
444 0.9
445 1.0
446 1.0
447 1.0
448 1.0
449 1.0
450 1.0
451 1.0
452 1.0
453 1.0
454 1.0
455 1.0
456 1.0
457 1.0
458 1.0
459 1.0
460 1.0
461 1.0
462 0.9
463 1.0
464 1.0
465 1.0
466 0.95
467 1.0
468 0.95
469 1.0
470 1.0
471 0.95
472 1.0
473 1.0
474 1.0
475 0.95
476 1.0
477 0.95
478 1.0
479 1.0
480 1.0
481 1.0
482 1.0
483 1.0
484 1.0
485 1.0
486 1.0
487 1.0
488 1.0
489 1.0
490 1.0
491 1.0
492 1.0
493 1.0
494 1.0
495 1.0
496 1.0
497 1.0
498 1.0
499 1.0
500 1.0
501 1.0
502 1.0
503 1.0
504 1.0
505 1.0
506 0.95
507 1.0
508 0.95
509 1.0
510 1.0
511 1.0
512 1.0
513 1.0
514 1.0
515 1.0
516 1.0
517 1.0
518 1.0
519 1.0
520 1.0
521 1.0
522 1.0
523 1.0
524 1.0
525 1.0
526 1.0
527 1.0
528 1.0
529 0.95
530 1.0
531 1.0
532 1.0
533 1.0
534 1.0
535 1.0
536 1.0
537 1.0
538 1.0
539 0.95
540 1.0
541 1.0
542 1.0
543 1.0
544 1.0
545 1.0
546 1.0
547 1.0
548 1.0
549 0.95
550 1.0
551 1.0
552 1.0
553 1.0
554 1.0
555 1.0
556 1.0
557 1.0
558 1.0
559 1.0
560 1.0
561 1.0
562 1.0
563 1.0
564 1.0
565 1.0
566 1.0
567 1.0
568 1.0
569 1.0
570 1.0
571 1.0
572 1.0
573 1.0
574 1.0
575 1.0
576 1.0
577 1.0
578 1.0
579 1.0
580 1.0
581 1.0
582 1.0
583 1.0
584 1.0
585 1.0
586 1.0
587 1.0
588 0.95
589 1.0
590 1.0
591 1.0
592 1.0
593 1.0
594 1.0
595 1.0
596 1.0
597 1.0
598 1.0
599 1.0
600 1.0
601 1.0
602 1.0
603 1.0
604 1.0
605 1.0
606 1.0
607 1.0
608 1.0
609 1.0
610 1.0
611 1.0
612 1.0
613 1.0
614 1.0
615 1.0
616 0.95
617 1.0
618 1.0
619 1.0
620 1.0
621 1.0
622 1.0
623 1.0
624 1.0
625 1.0
626 1.0
627 1.0
628 1.0
629 1.0
630 1.0
631 1.0
632 1.0
633 1.0
634 1.0
635 1.0
636 1.0
637 1.0
638 1.0
639 1.0
640 1.0
641 1.0
642 1.0
643 1.0
644 1.0
645 1.0
646 1.0
647 1.0
648 1.0
649 1.0
650 1.0
651 1.0
652 1.0
653 1.0
654 1.0
655 1.0
656 1.0
657 1.0
658 1.0
659 1.0
660 1.0
661 1.0
662 1.0
663 1.0
664 1.0
665 1.0
666 1.0
667 1.0
668 1.0
669 1.0
670 1.0
671 1.0
672 1.0
673 1.0
674 1.0
675 1.0
676 1.0
677 1.0
678 1.0
679 1.0
680 1.0
681 1.0
682 1.0
683 1.0
684 1.0
685 1.0
686 1.0
687 1.0
688 1.0
689 1.0
690 1.0
691 1.0
692 1.0
693 1.0
694 1.0
695 1.0
696 1.0
697 1.0
698 1.0
699 1.0
700 1.0
701 1.0
702 1.0
703 1.0
704 1.0
705 1.0
706 1.0
707 1.0
708 1.0
709 1.0
710 1.0
711 1.0
712 1.0
713 1.0
714 1.0
715 1.0
716 1.0
717 1.0
718 1.0
719 1.0
720 1.0
721 1.0
722 1.0
723 1.0
724 1.0
725 1.0
726 1.0
727 1.0
728 1.0
729 1.0
730 1.0
731 1.0
732 1.0
733 1.0
734 1.0
735 1.0
736 1.0
737 1.0
738 1.0
739 1.0
740 1.0
741 1.0
742 1.0
743 1.0
744 1.0
745 1.0
746 1.0
747 1.0
748 1.0
749 1.0
750 1.0
751 1.0
752 1.0
753 1.0
754 1.0
755 1.0
756 1.0
757 1.0
758 1.0
759 1.0
760 1.0
761 1.0
762 1.0
763 1.0
764 1.0
765 1.0
766 1.0
767 1.0
768 1.0
769 1.0
770 1.0
771 1.0
772 1.0
773 1.0
774 1.0
775 1.0
776 1.0
777 1.0
778 1.0
779 1.0
780 1.0
781 1.0
782 1.0
783 1.0
784 1.0
785 1.0
786 1.0
787 1.0
788 1.0
789 1.0
790 1.0
791 1.0
792 1.0
793 1.0
794 1.0
795 1.0
796 1.0
797 1.0
798 1.0
799 1.0
800 1.0
801 1.0
802 1.0
803 1.0
804 1.0
805 1.0
806 1.0
807 1.0
808 1.0
809 1.0
810 1.0
811 1.0
812 1.0
813 1.0
814 1.0
815 1.0
816 1.0
817 1.0
818 1.0
819 1.0
820 1.0
821 1.0
822 1.0
823 1.0
824 1.0
825 1.0
826 1.0
827 1.0
828 1.0
829 1.0
830 1.0
831 1.0
832 1.0
833 1.0
834 1.0
835 1.0
836 1.0
837 1.0
838 1.0
839 1.0
840 1.0
841 1.0
842 1.0
843 1.0
844 1.0
845 1.0
846 1.0
847 1.0
848 1.0
849 1.0
850 1.0
851 1.0
852 1.0
853 1.0
854 1.0
855 1.0
856 1.0
857 1.0
858 1.0
859 1.0
860 1.0
861 1.0
862 1.0
863 1.0
864 1.0
865 1.0
866 1.0
867 1.0
868 1.0
869 1.0
870 1.0
871 1.0
872 1.0
873 1.0
874 1.0
875 1.0
876 1.0
877 1.0
878 1.0
879 1.0
880 1.0
881 1.0
882 1.0
883 1.0
884 1.0
885 1.0
886 1.0
887 1.0
888 1.0
889 1.0
890 1.0
891 1.0
892 1.0
893 1.0
894 1.0
895 1.0
896 1.0
897 1.0
898 1.0
899 1.0
900 1.0
901 1.0
902 1.0
903 1.0
904 1.0
905 1.0
906 1.0
907 1.0
908 1.0
909 1.0
910 1.0
911 1.0
912 1.0
913 1.0
914 1.0
915 1.0
916 1.0
917 1.0
918 1.0
919 1.0
920 1.0
921 1.0
922 1.0
923 1.0
924 1.0
925 1.0
926 1.0
927 1.0
928 1.0
929 1.0
930 1.0
931 1.0
932 1.0
933 1.0
934 1.0
935 1.0
936 1.0
937 1.0
938 1.0
939 1.0
940 1.0
941 1.0
942 1.0
943 1.0
944 1.0
945 1.0
946 1.0
947 1.0
948 1.0
949 1.0
950 1.0
951 1.0
952 1.0
953 1.0
954 1.0
955 1.0
956 1.0
957 1.0
958 1.0
959 1.0
960 1.0
961 1.0
962 1.0
963 1.0
964 1.0
965 1.0
966 1.0
967 1.0
968 1.0
969 1.0
970 1.0
971 1.0
972 1.0
973 1.0
974 1.0
975 1.0
976 1.0
977 1.0
978 1.0
979 1.0
980 1.0
981 1.0
982 1.0
983 1.0
984 1.0
985 1.0
986 1.0
987 1.0
988 1.0
989 1.0
990 1.0
991 1.0
992 1.0
993 1.0
994 1.0
995 1.0
996 1.0
997 1.0
998 1.0
999 1.0
