0 6.960666666666615e-07
1 7.181333333337407e-07
2 1.5806666666664156e-06
3 2.255266666666607e-06
4 3.18213333333206e-06
5 4.226400000000482e-06
6 5.385266666667795e-06
7 6.527066666668172e-06
8 7.826999999999141e-06
9 9.218533333331854e-06
10 1.0764800000000648e-05
11 1.2364733333333766e-05
12 1.4010733333333358e-05
13 1.6294866666668092e-05
14 1.7702266666667447e-05
15 1.951506666666806e-05
16 2.153226666666656e-05
17 2.443360000000209e-05
18 2.5007866666666248e-05
19 2.7148533333333038e-05
20 2.9335933333329845e-05
21 3.178293333333063e-05
22 3.651340000000262e-05
23 3.733713333333259e-05
24 3.793126666666498e-05
25 4.056699999999691e-05
26 4.322046666666579e-05
27 4.761853333333325e-05
28 4.93873999999996e-05
29 5.3586466666668184e-05
30 5.3525999999999114e-05
31 5.6613866666663235e-05
32 6.094666666666508e-05
33 6.161900000000073e-05
34 7.464320000000191e-05
35 6.75777333333331e-05
36 7.08476666666652e-05
37 7.624353333333204e-05
38 7.814019999999959e-05
39 7.988580000000134e-05
40 8.334500000000042e-05
41 8.676313333333407e-05
42 8.745606666666443e-05
43 9.176073333333387e-05
44 9.510920000000237e-05
45 0.00010942100000000121
46 0.0001005242000000008
47 0.00010620959999999846
48 0.0001210953333333357
49 0.00011734159999999827
50 0.00012741906666666747
51 0.00014325566666666494
52 0.00013777166666666582
53 0.00013489166666666533
54 0.00013754906666666548
55 0.00014449893333333131
56 0.0001443172000000011
57 0.00014400486666666564
58 0.0001476410666666687
59 0.00015737846666666797
60 0.00015850206666666588
61 0.00016596780000000162
62 0.00017425793333332903
63 0.0001772730666666611
64 0.00018030166666666386
65 0.00019229206666667164
66 0.00018882079999999653
67 0.00019484599999999852
68 0.00019905000000000432
69 0.000208844266666669
70 0.00022000133333333985
71 0.00021444319999999923
72 0.0002270268666666686
73 0.0002265051333333305
74 0.0002366143333333311
75 0.0002648435333333384
76 0.0002537075333333342
77 0.0002669339999999983
78 0.00025474266666666856
79 0.0002623029333333286
80 0.0002653371999999987
81 0.0002900472666666635
82 0.00028495780000000376
83 0.0002920813333333309
84 0.0002910538666666666
85 0.00030783953333333167
86 0.00031475133333333516
87 0.000318815399999998
88 0.00034392433333333604
89 0.00038397559999999906
90 0.0003303719333333307
91 0.0003568004666666643
92 0.00038266559999999654
93 0.00037094273333333484
94 0.00040929640000000325
95 0.0003849721333333278
96 0.000382925333333343
97 0.0003898742000000029
98 0.0004036628666666616
99 0.0004182589333333338
100 0.00042227013333333193
101 0.0004316838000000082
102 0.0004334062000000009
103 0.0004456185999999936
104 0.00045139846666666
105 0.00046025373333333046
106 0.00047252093333333877
107 0.0004733695333333269
108 0.0004810008000000014
109 0.00048809206666667514
110 0.000510926533333326
111 0.0005146931999999975
112 0.0005203427999999991
113 0.0005293667333333363
114 0.000550019599999992
115 0.0005396202666666665
116 0.0005530056666666579
117 0.0005661554666666698
118 0.0005792174666666631
119 0.0005750371999999911
120 0.0005893003999999998
121 0.0006073767333333239
122 0.0006212298666666727
123 0.000614482800000001
124 0.000647412133333336
125 0.0006530120666666657
126 0.0007076657333333402
127 0.000760211933333325
128 0.0007659402000000038
129 0.0007369301333333282
130 0.0007312138666666801
131 0.000710709333333348
132 0.0007175060000000011
133 0.0007273536666666747
134 0.0007404321333333242
135 0.0007411357333333424
136 0.0007602085333333027
137 0.0007661065333333402
138 0.0007716555333333227
139 0.0007777628000000148
140 0.0008240635999999801
141 0.0007923612000000135
142 0.000805778866666677
143 0.0008333017333333285
144 0.0008361559333333342
145 0.0008395885333333242
146 0.0008654390000000012
147 0.0008783514666666677
148 0.0008740980666666731
149 0.0008933563333333246
150 0.0009045898666666534
151 0.000915418799999997
152 0.0009687411333333469
153 0.000977003333333341
154 0.0009905354000000032
155 0.0010210891999999916
156 0.000981385200000003
157 0.0010154623999999964
158 0.001019004200000014
159 0.001022332266666659
160 0.001069181133333341
161 0.0010307987333333453
162 0.0010492532666666647
163 0.0010713147999999932
164 0.0010801708666666372
165 0.0010732376666667007
166 0.0010811162666666263
167 0.0011234783333333128
168 0.0011262014666666134
169 0.0011649990666666573
170 0.0012041886666666279
171 0.0011860259333333603
172 0.0012287660666666866
173 0.0011810441333334125
174 0.0012284562666666332
175 0.0012100229333333286
176 0.0012680100000000008
177 0.0012520880666666567
178 0.0012448299333333245
179 0.001258092400000003
180 0.001258754266666632
181 0.001350543999999987
182 0.001312371533333323
183 0.0013276568666666488
184 0.0013295008666666627
185 0.0013359368000000298
186 0.0013497755999999732
187 0.0013689528666667025
188 0.0014217578666666211
189 0.001440887799999979
190 0.0015266506666666549
191 0.0014830128000000128
192 0.0014267873333333014
193 0.001482225599999968
194 0.0014943802000000192
195 0.0014765007999999913
196 0.0014981157999999736
197 0.0015526673999999888
198 0.0014992122000000662
199 0.0015572587333333072
200 0.0015614168666666503
201 0.0015499980666666838
202 0.0015870738000000125
203 0.0015975567999999996
204 0.0016238810666666659
205 0.0016392084000000028
206 0.0016683599333333187
207 0.0016594157333333175
208 0.0016878407999999586
209 0.0016604943333333733
210 0.0017414955999999944
211 0.0017612111333332662
212 0.0017616937999999454
213 0.0017568056000000294
214 0.0017650216666666256
215 0.0017986901999999343
216 0.0018139148666666215
217 0.001806061933333325
218 0.0018503489333332901
219 0.0018318526666666556
220 0.0018834997333332679
221 0.0018901311333333244
222 0.00189452740000009
223 0.001889201066666709
224 0.001903378399999974
225 0.0019548933333333332
226 0.0019428330666666346
227 0.001973116266666697
228 0.0020138686000001015
229 0.0020246374000000957
230 0.0020917098000000855
231 0.0021612075999999664
232 0.0021025189333333453
233 0.002059620733333271
234 0.0021149731333333457
235 0.002136419133333304
236 0.0021203000000000155
237 0.0021428892000000016
238 0.002156066333333377
239 0.002168415133333331
240 0.002336731399999999
241 0.002323650933333354
242 0.002280978733333387
243 0.0022564040000000083
244 0.0022642037333333144
245 0.0023148765999999672
246 0.0025503692666667336
247 0.0025403481999999753
248 0.0025697051333333516
249 0.002522304066666662
250 0.0024993686666666608
251 0.0025629874666666256
252 0.002594148133333333
253 0.0025789103999999635
254 0.0026323913333333652
255 0.0026175067333332673
256 0.0026873652666667227
257 0.0027721382000000776
258 0.002916939666666707
259 0.0027330464666667294
260 0.0027122405999999563
261 0.00272708873333339
262 0.0027998496000000666
263 0.0028277542666666675
264 0.0028225614666667733
265 0.0028996111999999444
266 0.002868053733333298
267 0.0028568706000000016
268 0.002871996800000017
269 0.0029254018666666623
270 0.0030007671999999395
271 0.00294399486666664
272 0.003182881733333313
273 0.003053308866666645
274 0.0030025155333331575
275 0.0030380849333333515
276 0.003021774133333288
277 0.0032648294666667967
278 0.003111443400000328
279 0.0031007737999999563
280 0.0031912671999999513
281 0.003185829266666573
282 0.003238106333333176
283 0.0032033702666666385
284 0.003208925466666616
285 0.0032788825999999103
286 0.003259071000000091
287 0.0032738738666665177
288 0.0032709569333333613
289 0.003342026466666681
290 0.0034415314666665846
291 0.0034794327999998487
292 0.003474298600000007
293 0.003410036800000012
294 0.0034709300000000574
295 0.003479720999999832
296 0.0034625830000000117
297 0.003503268466666635
298 0.003543236066666644
299 0.003606070466666722
300 0.003578120399999977
301 0.004115958933333275
302 0.003726266266666715
303 0.00366488940000013
304 0.003668222066666497
305 0.0036842737333331616
306 0.0037313836666666472
307 0.0037579338666664814
308 0.003746767866666604
309 0.003825783799999982
310 0.0038100230666666826
311 0.004473290199999861
312 0.004412900399999841
313 0.003953849866666677
314 0.003996606599999985
315 0.003982000666666608
316 0.0038681718666666145
317 0.003987699799999985
318 0.004038433400000111
319 0.004141666133333111
320 0.004132844466666619
321 0.004054614933333293
322 0.004056824999999857
323 0.004089926266666725
324 0.004124167799999985
325 0.00416018280000016
326 0.0042085182000000994
327 0.004217668866666754
328 0.004296371533333361
329 0.004230828733333484
330 0.0043793445333332555
331 0.004477848999999996
332 0.004315387066666728
333 0.004605402200000045
334 0.004603957066666749
335 0.0043995082000000945
336 0.004406704333333226
337 0.004477364800000079
338 0.004478307399999911
339 0.004541176733333193
340 0.004628587599999889
341 0.004548214199999971
342 0.004669849999999916
343 0.004613380333333339
344 0.004643463066666342
345 0.004679040266666826
346 0.0046970106666665385
347 0.004730057000000206
348 0.004846334533333163
349 0.004882502866666509
350 0.004750429799999859
351 0.0048357591999997375
352 0.0048393523333335985
353 0.004868069333333599
354 0.004896580666666495
355 0.004916917066667044
356 0.004953465466666648
357 0.0050562752666666695
358 0.005119609666666492
359 0.005017453266666531
360 0.005062927266666269
361 0.005180169666666383
362 0.005208281533333311
363 0.005173837999999975
364 0.0051602519999998245
365 0.005205464799999623
366 0.005259020333332979
367 0.005277989200000022
368 0.00531685126666647
369 0.005318192266666344
370 0.005308803000000021
371 0.005304316466666611
372 0.00539292153333335
373 0.005420721200000145
374 0.005499013733333177
375 0.0054372924666668135
376 0.005522879933333513
377 0.005557611266666622
378 0.005531995399999919
379 0.005586688866666733
380 0.005824880600000052
381 0.005632671866666664
382 0.005598641066666469
383 0.005773899066666862
384 0.005624483999999796
385 0.005730401199999709
386 0.005960782266666461
387 0.005833810733333659
388 0.005691391133333331
389 0.005711387466666788
390 0.005768894600000133
391 0.0058089080666665184
392 0.005846724133333226
393 0.005926764133333507
394 0.005900340733333209
395 0.005925318666666731
396 0.006082446733333668
397 0.006031142266666833
398 0.006073900799999876
399 0.0060143269999999895
400 0.006084483599999757
401 0.0062483038666666605
402 0.006258067933333204
403 0.006288480466666376
404 0.0062383798666666955
405 0.006310016799999829
406 0.006302335333333531
407 0.006451633133333345
408 0.006374783533333191
409 0.006394407933333331
410 0.00638665646666657
411 0.00641266233333333
412 0.006425804733333251
413 0.006469886866666504
414 0.006579497799999837
415 0.006563097866666823
416 0.006596678666666615
417 0.006580489933333548
418 0.0066841246666664725
419 0.006654980266665926
420 0.006699528066667071
421 0.006725637533333402
422 0.0068026632666667785
423 0.006928864133333335
424 0.006944846066666817
425 0.006901495866666707
426 0.0068866720666666955
427 0.007127596733333756
428 0.0075082318000002125
429 0.007072088399999761
430 0.007097103733333536
431 0.007129199666666726
432 0.007166838133334134
433 0.007345788666667375
434 0.00729385146666696
435 0.007221114733333186
436 0.007485163733333641
437 0.007472775200000115
438 0.007479586066665907
439 0.0075994097333331
440 0.007567295400000044
441 0.007478155799999561
442 0.007501771066666408
443 0.007532061799999923
444 0.007697145933333616
445 0.00755081473333353
446 0.007839110666666708
447 0.007737371399999897
448 0.007702048800000464
449 0.007765071999999643
450 0.007801621933333772
451 0.007848078199999975
452 0.007802538666666455
453 0.007818205333333357
454 0.007939184533332621
455 0.007963378133333048
456 0.008008440533333308
457 0.008010723866666562
458 0.007960931266666667
459 0.008102515400000006
460 0.008097359133333744
461 0.00814627846666601
462 0.008274145600000083
463 0.008137131066666588
464 0.008112139000000459
465 0.008161143333333124
466 0.008342868800000265
467 0.008395449466666349
468 0.00836657326666644
469 0.008324506000000061
470 0.008454442400000062
471 0.008477054466666327
472 0.008455989266666582
473 0.00848636126666662
474 0.008523282933333813
475 0.008681760599999915
476 0.008848757799999874
477 0.008661968400000102
478 0.008878757933333266
479 0.008773997533333973
480 0.008836640933332755
481 0.008716293666666767
482 0.00884822166666647
483 0.008870146400000086
484 0.00884950753333366
485 0.008990832266666379
486 0.009050784866666817
487 0.009065938266665796
488 0.009120480733333618
489 0.009397603933332731
490 0.009592906133333183
491 0.009121152200000182
492 0.009499029666666558
493 0.009289053666666073
494 0.009237432133333102
495 0.00931084340000036
496 0.009407766466667293
497 0.009518100933333547
498 0.009375601666666237
499 0.00944240220000007
500 0.009573586400000758
501 0.011028560733333375
502 0.010063720266666583
503 0.009700768066666636
504 0.009895336800000602
505 0.009649769399999997
506 0.009765624133333024
507 0.009852356399999233
508 0.009770151199999806
509 0.009544121666666664
510 0.009648869733333735
511 0.009863837799999923
512 0.009670105933333418
513 0.010552569866667008
514 0.010105116066667344
515 0.009796844200000028
516 0.010257644666667195
517 0.010136845800000079
518 0.010228116866666425
519 0.01008468700000004
520 0.010346218333333232
521 0.010200704999999744
522 0.010416542666666117
523 0.010607579133332953
524 0.010372729266666643
525 0.010963298199999845
526 0.010674419133333165
527 0.010490394599999793
528 0.010414304666666633
529 0.01030661493333298
530 0.010489294666667112
531 0.010608812933332957
532 0.010480533200000034
533 0.010761969533333844
534 0.010608060733333247
535 0.010904508466666603
536 0.010646619733333059
537 0.010672667600000097
538 0.010712998933333277
539 0.010879027600000058
540 0.010832878266666767
541 0.010940305666666934
542 0.0112783004000003
543 0.011279525666666738
544 0.011459090333333203
545 0.012363007933333373
546 0.011123316333332885
547 0.011231594599999065
548 0.011365669800000925
549 0.011464022933332766
550 0.011426254000000332
551 0.011795486133333572
552 0.011569924800000327
553 0.011550082333332056
554 0.011736432933332708
555 0.01173508586666685
556 0.011737048400000087
557 0.011634539666667838
558 0.011610002466666932
559 0.011725121866666655
560 0.011906067399999169
561 0.011917859266666634
562 0.011713001666666873
563 0.011837804000001029
564 0.012154804733333436
565 0.012034728733334532
566 0.012246387400000931
567 0.011968634466666591
568 0.012244034400001168
569 0.012511334733333494
570 0.012354005933333667
571 0.012674433133333215
572 0.012230380600001449
573 0.012437189333334212
574 0.012365788066666047
575 0.012902672133335121
576 0.012475597866667461
577 0.012725380333333666
578 0.012725852200000057
579 0.012714613466666929
580 0.013009637799999514
581 0.01293263446666657
582 0.012822728666665265
583 0.012793040866666654
584 0.012902087066666467
585 0.012807268066667158
586 0.012884316333333364
587 0.012960638066666755
588 0.012961985333333814
589 0.013422458866666886
590 0.013155940000000992
591 0.013314362866666348
592 0.013255837466665336
593 0.013242152599999694
594 0.013336181133333014
595 0.013233676333331819
596 0.013346006599999783
597 0.013372578000000601
598 0.013534635066667515
599 0.013866762866667178
