6.663333333332504e-07
7.253333333327265e-07
2.3987333333326994e-06
2.288933333332669e-06
3.6429999999990082e-06
3.996000000000092e-06
5.509866666666049e-06
6.163933333334463e-06
7.657733333334138e-06
8.489466666667296e-06
9.897466666667723e-06
1.0953066666666752e-05
1.4750733333332896e-05
1.5295066666666523e-05
1.6152399999999622e-05
1.6335733333334065e-05
1.8502066666665576e-05
1.9659200000000007e-05
2.1798200000000546e-05
2.2837666666666406e-05
2.5073466666666876e-05
2.6486400000000818e-05
3.125719999999832e-05
3.387366666666817e-05
3.23252666666667e-05
3.402526666666609e-05
3.610679999999922e-05
3.837440000000007e-05
3.9709533333333784e-05
4.098060000000033e-05
4.3863599999999686e-05
4.572873333333431e-05
4.8111333333332454e-05
5.2511199999999884e-05
5.1844866666668024e-05
5.4053466666666626e-05
6.483886666666753e-05
5.98828000000005e-05
6.116440000000084e-05
6.335379999999983e-05
6.798686666666757e-05
7.475086666666695e-05
7.331979999999997e-05
7.536959999999981e-05
7.374986666666694e-05
7.85085333333338e-05
8.178213333333341e-05
8.524040000000057e-05
8.512706666666583e-05
8.82930666666675e-05
8.89186000000014e-05
9.052399999999831e-05
9.820259999999877e-05
9.44884000000007e-05
9.462973333333365e-05
9.589546666666967e-05
9.891453333333485e-05
0.00010115313333333339
0.00010521566666666834
0.00012177373333333667
0.00011135326666666575
0.00011402433333333553
0.00011812193333333166
0.00012560473333333432
0.00012484680000000026
0.0001285119333333325
0.00013133826666666682
0.00013482846666666438
0.0001387276000000002
0.00016409300000000312
0.00014753706666666608
0.00014913700000000011
0.00015353333333333608
0.0001662393333333345
0.00016246213333333351
0.00016643286666666684
0.00017140900000000013
0.00018248706666666725
0.00018956233333333367
0.00018839786666666468
0.00019400259999999652
0.0001943998000000058
0.00020131706666666748
0.00019905920000000133
0.00021223086666667204
0.00020892439999999716
0.00021307460000000167
0.00021975539999999905
0.00022172233333333328
0.0002261533999999991
0.0002398476666666686
0.00023595026666666796
0.00024083100000000615
0.00024127793333333185
0.00024392146666666337
0.00024836953333333135
0.00025332853333333386
0.0002582734000000012
0.00026344913333333587
0.00027069133333333385
0.00027733866666665994
0.000276886799999998
0.0002893139333333331
0.00029023666666666374
0.0002995710000000003
0.0002997119999999964
0.0003029192666666699
0.0003117724000000007
0.0003133219333333326
0.00031835980000000097
0.00032662833333332864
0.00032886726666666216
0.0003348344666666595
0.00034243873333332785
0.0003459229999999887
0.0003591720000000039
0.00036424613333332727
0.00042055713333333244
0.00046460559999998247
0.000436725133333334
0.0003803344000000005
0.00038839853333332285
0.0004053425333333379
0.0004490078666666619
0.0004179843333333285
0.00042232499999999374
0.0004671794666666599
0.0004303327999999921
0.0004489205999999912
0.0004627832666666665
0.000467254933333335
0.0004745163333333265
0.00047128793333332716
0.0004930023333333329
0.0005023238000000078
0.0005435153999999942
0.0004982970666666604
0.0005195939333333251
0.0005133440666666729
0.0005404003333333314
0.0005333028000000017
0.0005414260666666688
0.0005325582666666644
0.0005281623333333263
0.0005308930666666712
0.0005369361333333359
0.000551753733333323
0.0007341564666666541
0.0006125003999999897
0.000594602333333342
0.000574503000000015
0.000582392533333335
0.0005862731333333259
0.0006340917999999807
0.0006175796000000178
0.0006335909333333353
0.0006472572666666639
0.0006523624666666598
0.0006529383333333231
0.0006678058666666672
0.0007479728666666796
0.0006791572000000023
0.0006969535333333443
0.000698214066666658
0.0007029676000000003
0.0007091829333333226
0.0007252747333333328
0.0007135941333333395
0.000731048333333321
0.000767541333333351
0.000739441466666683
0.0007519807333333276
0.0007846786666666568
0.0007487345999999932
0.0007527751333333166
0.0008180311999999838
0.0007932099999999886
0.0007956228000000065
0.0008330868666666547
0.0008353414666666762
0.0008333602666666791
0.0008370840000000065
0.0008281547333333157
0.0008490656666666559
0.0008608681999999757
0.0008917061333333513
0.0008989735333333322
0.0008776648666666572
0.0010982196666666556
0.0009487857999999886
0.0009328162000000158
0.0009424898666666514
0.0009567142000000454
0.0009441119333333396
0.0009199135999999737
0.0009722559999999861
0.0009891573333333644
0.0009624855333333275
0.0010195489333333215
0.000985218733333341
0.0010255941999999833
0.001075091133333365
0.0011514652666666514
0.0011262379999999943
0.0011507397333333723
0.001137588133333356
0.0012284735333333223
0.0012152278000000145
0.0012004498666666455
0.0011524711333333363
0.0011425371999999859
0.0011488069333333239
0.0011600065333333466
0.0011415353999999934
0.001170938733333345
0.001146717666666719
0.0011819909333333396
0.0011688260000000117
0.0012149690000000065
0.0011791745333333528
0.0012342004666666905
0.0012436580666666864
0.0012417995999999636
0.0012756442000000294
0.0012303299333333258
0.0012534595333333046
0.0012411815999999595
0.001281963866666702
0.001257673199999972
0.0013273741333333108
0.0013289192000000226
0.0013281491999999951
0.0013012844666666487
0.001364302199999982
0.0013751780000000214
0.0013491889333333044
0.0014002885333333085
0.0013657651333333594
0.0014049570000000215
0.0014014177333333026
0.0014023411333333364
0.0014175266666666352
0.0014245616666666461
0.0014339440000000093
0.0015184473333333208
0.0014645073333333868
0.001546802933333306
0.0015456606666667187
0.0015012644666665706
0.0015007156666666374
0.0015232870666666899
0.001527182399999975
0.0015366460666666804
0.0015828830666666663
0.0016143350666667426
0.0015662889999999467
0.0015907662000000044
0.001612568466666649
0.0015997957333333387
0.0016125359333334069
0.0016268210000000376
0.001876962666666652
0.0017085858000000028
0.0016706237999999966
0.0017346098666666107
0.0017194313999999563
0.0017426795333333209
0.0017604754000000314
0.0017605206666666243
0.0017872866666666098
0.0017704388666667902
0.001801800800000001
0.0018171935999999297
0.0018050703999999307
0.0018801194666666335
0.001991525800000016
0.001890269800000007
0.0018631807333334472
0.001862670599999916
0.0018859180666667068
0.0019199696000000265
0.0020102423333333637
0.001945344133333382
0.0019454143333333877
0.0019987209999999737
0.0019341280666666332
0.001974177399999958
0.0020113988666667026
0.0020215126000000085
0.002004339866666645
0.0020318259333333088
0.0020381160000000047
0.0020952626000000584
0.002029874999999966
0.0020966135333333174
0.002117621999999949
0.002150874133333295
0.002157512933333372
0.00210896259999999
0.0021697099333332897
0.0022142436000000504
0.002235987333333315
0.0021910485333332137
0.0022201533333332966
0.0022370109333334238
0.00221147919999997
0.002238802133333362
0.0022722144666666405
0.002343977600000091
0.0024297243999999254
0.0023163158666666146
0.00236246720000004
0.00238670420000003
0.0023896959333333653
0.002338127066666562
0.002398612000000059
0.0023625944666665786
0.00244399633333335
0.0024091251333334305
0.002435449666666519
0.002456224066666479
0.002501535599999786
0.0024696420666667626
0.0025025070000001056
0.0025156898666666666
0.002508701200000078
0.002546666200000125
0.0026217121333332945
0.0025573776000001065
0.0026165445333335906
0.0026076545333334994
0.0026012486000001425
0.002623872199999866
0.0026416119333334247
0.0026930026666666033
0.0026999932000000134
0.0026417748000000666
0.002662627399999984
0.0027018854666666908
0.0029401608000000578
0.002803609933333225
0.002752242666666701
0.002795017000000044
0.002777129866666665
0.0028250418000000128
0.002831444866666703
0.002821140533333318
0.0028803876000001337
0.002884842733333315
0.002866645066666666
0.0029022105333333195
0.002969263400000107
0.0029613420666665985
0.002926696733333441
0.0029799083999999237
0.0029915310666666526
0.0029891605999999627
0.003075765066666373
0.0030466773999999457
0.0030123544666667596
0.003086289933333338
0.0031236777333334114
0.0031040814666665638
0.0031720083333334277
0.003131805799999891
0.0031447217999999682
0.003181956533333382
0.0031781943333333137
0.003225790999999963
0.0032465524666666448
0.0031966392000001656
0.0032549793333333335
0.003320887466666633
0.003329723733333386
0.0033407707999999186
0.003359610066666659
0.0033334373999998946
0.003375284066666791
0.00334316500000007
0.0033853278000000485
0.003365076533333363
0.00345543466666669
0.003695932133333161
0.003504981333333272
0.0035103462666668268
0.0034896388666666076
0.003542888133333359
0.003496204599999982
0.003537280199999889
0.0035461166666666583
0.0037763218666666395
0.003787868333333222
0.003815238466666552
0.003850510333333427
0.003859024933333366
0.003808988733333211
0.0038570427333332563
0.0038476046666666265
0.003912904533333439
0.003953575133333232
0.004005251533333265
0.003972925933333234
0.003879751333333677
0.003948262200000248
0.003998645933333123
0.004001132333333383
0.004286819933333419
0.005002318466666485
0.004222776333333537
0.00409450333333344
0.0041046489333332655
0.004149895466666583
0.004315001266666485
0.004212487800000156
0.0042024253333332005
0.004229321466666628
0.004284151533333613
0.004272060133333729
0.004267869266666343
0.004261847399999989
0.004317014799999915
0.004302583600000176
0.004297295266666623
0.0043531923999998645
0.004568914999999999
0.004452724133333419
0.004465862733333144
0.004438160266666813
0.004449335666666698
0.004463769266666754
0.004570083000000243
0.004555694333333212
0.004491900666666382
0.0045745398666667825
0.004653422866666664
0.004627225866666625
0.004700881466666947
0.00471608993333336
0.004786536799999889
0.004765007733333349
0.004752724533333345
0.004687422599999872
0.00484262219999998
0.004760694199999685
0.004936016733333659
0.004804682800000275
0.004835518533333408
0.004923125466666652
0.004797861800000192
0.004819937266666703
0.004864523466666881
0.004885971200000109
0.005171784733333359
0.005109621933333486
0.004981118066666331
0.005013342199999707
0.005115130133333304
0.00502921046666683
0.005154449800000312
0.005054984800000047
0.005728366799999781
0.005151965200000082
0.005102997466666892
0.005195262466666625
0.005269671399999965
0.005261263733333266
0.005274127466666556
0.005275416733333316
0.005298635199999898
0.005250773199999988
0.005422742000000013
0.005440851400000213
0.005390856800000421
0.005332295866666807
0.005576026400000108
0.005503271999999626
0.005509937666666195
0.005448927733333638
0.005553155866666515
0.005823441533333333
0.005678462066666986
0.005642035133333442
0.005660976133333407
0.0056413847333333916
0.005569048533333406
0.0056611641333332114
0.0059426381333333705
0.005812368133333597
0.00579311346666671
0.0061190978666663415
0.005769988000000126
0.006017366466666729
0.005907097266666739
0.006278797599999801
0.005899822466666649
0.006054189133333073
0.0060868558666665965
0.005877491399999949
0.005900589133333038
0.006024028266667022
0.005975030600000034
0.005971815866667048
0.006007880266667106
0.006027261333333437
0.006153193400000016
0.006176015066667399
0.006084165466666984
0.006122677933333402
0.00615192500000011
0.006171914133333208
0.0062310541333334395
0.006383177666666266
0.0063656195333336996
0.006247346400000472
0.006226308400000372
0.00652561493333342
0.006428088933333479
0.006375614733333634
0.006391752333333282
0.006387257000000327
0.006445942533333474
0.006593504666666424
0.006475837400000017
0.0065119268000003675
0.006740282599999858
0.006596306533333044
0.006613332999999718
0.006587243066666796
0.006575882000000395
0.00669409719999976
0.006727672466667419
0.006944662800000145
0.006744687933333419
0.006716006599999958
0.006807811666666671
0.00694418853333308
0.006977866266666647
0.0068875497333337424
0.0069314959999999814
0.00691710599999998
0.006922439866666489
0.007052866800000146
0.00702038726666719
0.006926449799999782
0.007151782399999955
0.007491747999999632
0.007216313866666724
0.007161549066666595
0.007234746666666799
0.007151481466666354
0.0073303809333332024
0.007446822533332901
0.007335149533333407
0.007432134599999784
0.008049569733333565
0.007482412466666707
0.007562787866666317
0.007432650333334105
0.007469108466667033
0.0074830925333325615
0.0074091934666659165
0.0073615484666665525
0.007588588133333711
0.007483385400000723
0.007508508733333012
0.007768738733333672
0.007637493600000293
0.007635599999999935
0.0076573555333332875
0.007817406066665929
0.00781441499999976
0.007850974400000392
0.007796506266666844
0.007811787200000472
0.007895823133332888
0.008079913333333622
0.00791910120000002
0.008207066266666866
0.007992449733333018
0.007919268533333223
0.007979540866665502
0.008050014333333877
0.008053622866666407
0.008094957800000439
0.0080776456
0.008159484399999665
0.008067879000000033
0.008291532866666292
0.00822566673333327
0.0084060251333329
0.00833427393333371
0.008484946066666292
0.008386578000000592
0.008491777399999971
0.008455990199999992
0.008311851866665877
0.00881691413333338
0.008468045066666718
0.008355825533333198
0.008400900066666377
