6.92599999999044e-07
7.545999999997166e-07
1.4838666666660191e-06
2.6960000000001797e-06
2.7535999999999303e-06
3.4084666666665358e-06
4.679000000000026e-06
5.122933333332377e-06
6.028333333334135e-06
7.375333333333826e-06
7.894066666666126e-06
8.99333333333289e-06
1.0406133333332642e-05
1.1062666666665962e-05
1.2215400000000395e-05
1.3931666666667138e-05
1.4700733333333308e-05
1.6106866666666663e-05
1.8548466666666596e-05
1.795906666666643e-05
1.9392333333334103e-05
2.124473333333284e-05
2.4138200000000293e-05
2.406113333333302e-05
2.578906666666723e-05
2.7067333333334147e-05
3.2175066666666656e-05
2.9792666666667023e-05
3.1134200000000614e-05
3.291913333333396e-05
3.687493333333347e-05
4.04825999999997e-05
3.934133333333376e-05
4.2204933333334085e-05
4.387046666666598e-05
4.5205466666666436e-05
4.7593799999998135e-05
4.8502466666667614e-05
4.851279999999967e-05
5.092580000000032e-05
5.241959999999953e-05
6.12574e-05
5.5886133333334086e-05
5.792806666666539e-05
5.9727933333333e-05
6.282333333333297e-05
6.465560000000065e-05
6.932986666666705e-05
7.08888e-05
7.697086666666556e-05
7.552620000000066e-05
7.948893333333355e-05
8.448186666666543e-05
8.366773333333225e-05
8.587600000000048e-05
8.51858666666668e-05
8.74903333333334e-05
9.075980000000187e-05
9.71456666666685e-05
9.618080000000085e-05
9.738166666666825e-05
9.634720000000022e-05
9.926466666666614e-05
0.00010217386666666791
0.00010735720000000042
0.00010290900000000287
0.00010664133333333307
0.00010758326666666466
0.00011083646666666483
0.00011368706666666969
0.0001234860666666652
0.00012260146666666637
0.0001231940000000033
0.00012991793333333446
0.0001289979999999996
0.00013795920000000313
0.0001399377999999988
0.00014615126666666736
0.0001451690666666681
0.0001550478666666688
0.00015239193333333178
0.00015247840000000106
0.00015568560000000047
0.0001676486000000014
0.00016437313333333333
0.0001702870000000023
0.00017352060000000447
0.00018365779999999777
0.00018178893333333594
0.00018020906666666632
0.00018430880000000298
0.00018817099999999994
0.00019091746666666798
0.00019363306666666708
0.0001989133999999985
0.00020262513333333215
0.0002132872000000008
0.00025323593333333264
0.0002120602000000027
0.00022390686666666585
0.00021952506666666853
0.0002232512666666686
0.0002298948666666652
0.0002336490000000006
0.00023837733333333203
0.00023966340000000085
0.0002475439333333329
0.00025387240000000294
0.00028384293333332813
0.00025696753333333174
0.00026391806666667037
0.00026781139999999907
0.0002718203333333317
0.0002801554000000002
0.00028208253333333324
0.0002895758000000026
0.00033747853333332964
0.00032592780000000136
0.0003194972
0.0003025089333333342
0.0003129045333333395
0.000313649666666671
0.0003372012666666683
0.00035396520000000227
0.0003462117333333348
0.00034316313333333147
0.0003394217333333412
0.00033967573333333335
0.00037484706666666886
0.00035607360000000643
0.000359310599999992
0.00036660373333333716
0.00036490666666665707
0.0003689337333333246
0.0003709643333333309
0.00037954273333333787
0.0003872740666666652
0.0004321326666666699
0.00042781366666667285
0.0004318778666666597
0.0004109887999999969
0.00041718700000000034
0.0004466452666666639
0.00042984953333333
0.00045795980000000734
0.0004416407333333446
0.0004486725999999959
0.0004710568666666637
0.00044896860000000297
0.0005528946000000016
0.0004807668666666672
0.0004908041333333335
0.00048779766666665986
0.0004934880666666696
0.0005043692666666673
0.0005110298666666605
0.0005156066666666681
0.0005198007999999958
0.0005234394666666642
0.0005570757333333232
0.00058579086666668
0.0005839417999999874
0.0005500805999999839
0.0005555169333333258
0.0005615400666666511
0.0005593658666666649
0.0005801992000000163
0.0005787731333333213
0.0005853842666666702
0.0005944054666666772
0.0006070797999999878
0.0006056508666666701
0.000610437466666669
0.0006267077333333389
0.0006285612666666533
0.0006289632666666674
0.0006266586666666611
0.0006450305999999776
0.0006531395999999967
0.0006434400000000062
0.0006717374000000017
0.0006617751999999848
0.0006692680000000155
0.0006849743999999935
0.0006913351333333336
0.0007061069333333206
0.000773989733333343
0.0007366950666666705
0.0007108338666666751
0.0009571563333333163
0.0009518005333333394
0.000947650199999998
0.0008378565333333328
0.0007711349333333172
0.0007684003333333485
0.0007596056666666628
0.0007787084666666703
0.0008152875999999957
0.0008069114000000284
0.0008246321333333325
0.0008239956666666807
0.0008367961999999969
0.000832127733333321
0.0008277252666666568
0.0008526066666666665
0.0008677742000000081
0.000849214999999992
0.0008946233333333294
0.0008541989333333463
0.0009090122000000367
0.0008892478666666648
0.0008854763333333052
0.0009395787999999961
0.0008987007999999482
0.0009258449333333492
0.0009520371999999888
0.0009180588666666563
0.000971895600000039
0.0009426378000000272
0.0010075376666666802
0.0009490098666666835
0.0009923183333333232
0.0009759816000000161
0.000971153999999963
0.00110548653333337
0.0010114017999999743
0.0011187139333333077
0.0010396584000000135
0.0011571699333333759
0.0011141780000000286
0.001066849866666638
0.0010722157333333518
0.0011030706000000408
0.0010731536000000209
0.0011074409999999831
0.0010816913333333122
0.0011145158666666728
0.0010904444000000197
0.0011327344666666997
0.0011315758666667008
0.001153443799999998
0.0011678942666666506
0.0012374593999999886
0.0011818918000000196
0.00116670933333336
0.0011927524666666726
0.0012068499999999668
0.0011911627333333582
0.0012313374000000247
0.0011946388000000142
0.0012542416000000055
0.001240289133333361
0.0012541751999999887
0.0012512760000000344
0.0012626891333333095
0.0012751374666666612
0.0013232403999999883
0.0013487730666666457
0.001298026799999974
0.001338436533333335
0.0013048817333333258
0.001305759333333345
0.001434797933333313
0.0013660866666666807
0.0015756389999999805
0.0014226370666666692
0.0013785667333332677
0.0014110485999999274
0.001411203599999992
0.0014287178666667324
0.0014384057999999793
0.0014131447999999362
0.0014837787333333925
0.001458573199999987
0.0014233415333332704
0.0014951601333334174
0.0015028422666667337
0.0014567345333333628
0.0015277646666666791
0.0015342497333333445
0.001538817199999946
0.0015701319333333668
0.0015439866666666488
0.0015816444666667392
0.0015778358666667695
0.0016084822666667738
0.0016053043333333684
0.0016013270666666321
0.0016140175333333672
0.0016167740000000504
0.0016207180666666747
0.0018282803999999746
0.0016917056666667207
0.0016820568000000572
0.0016863463333333327
0.0017085231333333025
0.0017065198666665893
0.001691873333333286
0.0016946350666666276
0.00174224306666666
0.0018056258000000251
0.001742525600000011
0.0018340535999999
0.0017469559333334495
0.001790343200000007
0.0017959816000000888
0.001824684266666754
0.0018141192000000158
0.0018269957333332993
0.0018303747333332807
0.0018504880666666483
0.0018575380666666715
0.0018697248666666628
0.0018811955333333686
0.001902687399999999
0.0019041632000000124
0.0019248763999998827
0.0019338914666666262
0.00195675453333329
0.0019377295333333322
0.0021444122000000123
0.002005085533333399
0.001974931600000011
0.0020279530666667137
0.0020002593333333725
0.0020322915333333452
0.002034461866666574
0.0020280440000001103
0.0020430326666666626
0.002056416933333309
0.0020521096666666536
0.0021122695333333514
0.002213867533333384
0.0021108362666666675
0.002114002866666631
0.002150862200000011
0.00215498046666663
0.002176090066666673
0.0021660312666667457
0.0021637961999999788
0.002173178000000024
0.0022653769333333073
0.00223586186666657
0.0022338450666668547
0.002238055800000064
0.002290141799999823
0.0022866713333332457
0.0023260223333332773
0.0022996537333334287
0.0023001978666666646
0.0023006231333332866
0.0024437248666667817
0.002343846000000009
0.0023591897999999984
0.0023482854666667663
0.0023661412000000343
0.002414733333333352
0.002369021666666645
0.0024004656000000085
0.002436085466666545
0.0024658884000000234
0.0024557626
0.0027323487999999802
0.00248161859999995
0.002512152933333548
0.0024863276666666915
0.002519792133333295
0.0025328033333333146
0.002571647999999745
0.0025470013999999114
0.002581834533333331
0.002599558999999966
0.002612647066666677
0.0026055351999999606
0.0026418870666666074
0.002669819199999897
0.0026844757333333766
0.0029429005333332964
0.0027136754666666836
0.0027432190666666872
0.002719499866666612
0.0027887159999999984
0.002733708266666509
0.002810706133333222
0.0028367400000000485
0.002778865866666654
0.0028059816000000144
0.0028923746666665194
0.002843014533333251
0.002886535399999997
0.0029741607999998958
0.003036667933333348
0.002988638866666804
0.002987078133333417
0.00304160686666665
0.0030413758666666623
0.0030603536000000393
0.0030820701333333627
0.003109622733333358
0.003112991199999963
0.0033662006666667446
0.003142031266666893
0.0031622854666665035
0.0031251372000001016
0.0031538355999998066
0.003224044133333178
0.003252455133333143
0.003501189133333445
0.003219794266666713
0.0033149825333333993
0.0032772030000000284
0.003295088866666518
0.0032518239999999327
0.0033209677333332502
0.003340069266666686
0.0033310001999999153
0.003339802533333369
0.0033916885999998314
0.0033985442000000533
0.003416777866666661
0.0035063580666665926
0.0034666083999999485
0.003440154599999919
0.00348670026666665
0.003519013200000032
0.003534428999999939
0.0035854847333333475
0.00355182506666664
0.0035482560666666883
0.003541653200000165
0.0035977770000000576
0.003596006266666644
0.00368662506666612
0.0036103070000002902
0.0036336696666666056
0.003702246133333039
0.0036907316000000636
0.0037199272666666636
0.003823546866666542
0.003695696066666798
0.003712159999999779
0.0037860588666667637
0.0037976689333335165
0.0037928155999998364
0.003782271266666489
0.003957854666666568
0.003969598933333529
0.0038650929999999306
0.003859248200000209
0.0038606771333333494
0.003881900333333495
0.003907562799999908
0.0038877341999998074
0.004003972933333108
0.004066432866666858
0.0041933121333332934
0.004072874266666559
0.004013058666666561
0.004023475133332847
0.0045665281999999275
0.004273388866666631
0.004096443066666803
0.004195754533333111
0.004145500599999844
0.004209067666666636
0.004116734066666675
0.00418698820000003
0.004216061599999795
0.004216909266666609
0.00423086086666693
0.00427173586666676
0.004271956666666554
0.0042885674000000765
0.004318486933333432
0.004338577533333539
0.00431250046666681
0.0044536818000000976
0.004343728733333307
0.004337693333333211
0.00437482106666683
0.004405285066666546
0.0043807137333331525
0.0044430190666667835
0.004481303266666714
0.004393033066666637
0.004559988199999765
0.004858763266666936
0.004610874400000024
0.004544593600000132
0.00453817879999967
0.004585590733333452
0.004576283333333227
0.004707958666666556
0.004653451799999904
0.004620984066666623
0.004684061399999943
0.0046613626666665905
0.004725234400000033
0.004727696066666927
0.00476495126666651
0.004736381933333197
0.004784343866666774
0.004804892933333231
0.0047830137999998355
0.004786037200000237
0.004914340866667051
0.00484691419999983
0.004865149066666656
0.004910799133333299
0.004868462199999613
0.004906127933333456
0.005040686333333492
0.005115975933333298
0.0049914790666668075
0.0050707911333332115
0.005060287866666495
0.005212134333333059
0.005063582199999909
0.005074231066666712
0.00519932393333337
0.005159371466666585
0.005206311200000021
0.005167865199999847
0.005156501933333265
0.0051468912666665055
0.005234087466666418
0.0051896254666668066
0.005334664066666643
0.005296228866666416
0.0052635614666667625
0.005273960866666153
0.005578095199999685
0.005512629999999656
0.005361912933333575
0.005412073466666693
0.0056177384666664665
0.005692162133333412
0.005418547533333159
0.005515959400000033
0.005554121400000038
0.005654182266666415
0.005514799733333338
0.005619714733333225
0.005628297733333317
0.005683849933333344
0.005612798066666614
0.00566520206666669
0.005615601466666457
0.00562604186666628
0.0058648569999997825
0.005799750066666813
0.005782297466666838
0.005756517733333529
0.005757891066665858
0.005829718333333034
0.00621105160000018
0.0058736352000001565
0.005840851733333115
0.00586773926666666
0.005903280200000912
0.00586421793333353
0.005904745666666855
0.005969628666666911
0.005916613266666341
0.005992009733333958
0.005966334666666739
0.006087640733333662
0.0061892504666668435
0.0063117455999995775
0.006105630533333084
0.006091586733333069
0.006142169999999917
0.00614155426666656
0.006155506066666542
0.006157015333332557
0.006201816533332997
0.006334477266666975
0.006477187799999958
0.006336668599999958
0.006310596200000637
0.006550416399999885
0.0064113275999998125
0.006350870800000052
0.00643928586666694
0.006396210466666711
0.006408527333333799
0.006400299733332796
0.006519568066666656
0.006529651466666072
0.006625706999999181
0.006556831733334197
0.006577150533333528
0.00657045766666684
0.0066382519999997665
0.0066194619333333074
0.006622548200000485
0.006669590799999506
0.007028580999999908
0.006795901533332938
0.006768362733332841
