6.756000000010531e-07
7.193333333331091e-07
1.3981999999991094e-06
1.5854000000004956e-06
2.9633333333338912e-06
3.0318666666676967e-06
3.6891999999996707e-06
4.2817999999995395e-06
5.6657333333339405e-06
6.258199999999622e-06
7.424266666667308e-06
9.07439999999991e-06
9.391399999999588e-06
9.730200000001669e-06
1.083980000000003e-05
1.1845200000000962e-05
1.354180000000029e-05
1.3777800000000507e-05
1.4850933333333352e-05
1.601180000000054e-05
1.7814399999999583e-05
1.8886066666665608e-05
1.985426666666623e-05
2.1029933333332104e-05
2.3423999999999205e-05
2.3944800000000784e-05
2.5432066666667327e-05
2.6726199999999958e-05
2.9554333333333312e-05
2.9234533333334183e-05
3.47533333333321e-05
3.2306666666666314e-05
3.403286666666718e-05
3.5773066666668074e-05
3.718353333333295e-05
3.8906600000000276e-05
4.100973333333359e-05
4.2839333333334616e-05
4.663073333333323e-05
4.9261800000000024e-05
4.738066666666781e-05
4.774106666666685e-05
5.0880733333333776e-05
5.2782333333332525e-05
5.431733333333272e-05
5.5818133333331944e-05
5.724759999999977e-05
5.916240000000082e-05
6.273039999999952e-05
6.741526666666682e-05
8.689286666666666e-05
7.284100000000034e-05
7.06365333333329e-05
7.246353333333344e-05
7.45559333333326e-05
7.50656666666664e-05
7.74477999999995e-05
7.955406666666683e-05
8.467573333333275e-05
8.282493333333178e-05
8.286299999999784e-05
8.24130666666654e-05
9.006120000000228e-05
9.56104000000004e-05
8.880786666666807e-05
9.361859999999778e-05
9.605093333333129e-05
0.0001017295333333353
0.00010205220000000052
0.00010354933333333317
0.00010604973333333359
0.00011318573333333193
0.00011300140000000218
0.00011497933333333432
0.00011722926666666485
0.00012031693333333463
0.0001235503999999989
0.0001304636666666664
0.00013841760000000148
0.00013198533333333152
0.00013907426666666481
0.00014706733333333112
0.00014572786666666818
0.00014570013333333373
0.00015201606666666775
0.00015412860000000122
0.0001575235333333323
0.00016319620000000053
0.00016402573333333393
0.00016427586666666605
0.00016764433333333145
0.00017080813333333517
0.00017464480000000114
0.0001782520666666639
0.00018204779999999958
0.00019323200000000615
0.00019531033333333354
0.00019851353333333137
0.00019529453333333818
0.00019842480000000217
0.0002083632666666668
0.00020719866666666734
0.00020942213333333498
0.00021329806666666172
0.00021701013333332852
0.00022102166666666535
0.000227155866666671
0.00023472299999999964
0.00023024086666666998
0.000244789866666667
0.0002379316666666705
0.00024194326666666656
0.00024650573333333167
0.0002529802666666729
0.00026727559999999986
0.000268466466666667
0.0002789383333333321
0.000267501600000003
0.00026754546666666137
0.00027768766666667053
0.00027846533333333867
0.00028315333333333393
0.0002848853333333364
0.0003043185999999957
0.00031797646666666585
0.0003060925333333427
0.00030587333333333594
0.0003063017333333251
0.0003203681333333264
0.0003280150666666685
0.0003245355999999903
0.0003682183333333292
0.00034761380000000177
0.0003494442000000042
0.00034372606666667195
0.0003769961333333331
0.0003868892666666716
0.0004306697333333257
0.0003644085333333343
0.0003874738666666766
0.000379292800000001
0.0003756875333333354
0.0004341119999999976
0.00041205146666667045
0.00041803866666666466
0.0004144744666666774
0.0004008037999999973
0.0004304463999999989
0.00042659073333333185
0.00042208793333333344
0.00043015426666666025
0.00043616293333333204
0.0004541237333333226
0.00045100446666667126
0.000468220333333332
0.0004572711999999942
0.00046111559999999127
0.0004887372666666649
0.0004842858000000061
0.0004827883999999968
0.00048055740000000344
0.0004863519999999936
0.0005054667333333374
0.0005070817999999977
0.0005019345333333295
0.0005576274666666696
0.0005284653999999925
0.0005363540000000056
0.0005208435333333336
0.0005401484666666641
0.0005370777333333132
0.0005522305333333237
0.0005387391333333473
0.0005516926666666366
0.0005611743999999937
0.000587365666666669
0.0005702951333333465
0.0005685897333333208
0.0005841962000000089
0.0006139065999999952
0.0005875746666666645
0.0006091389333333271
0.0006354403333333295
0.0006232480000000058
0.0006320179333333102
0.000624574933333329
0.0006521606666666531
0.0006513530000000026
0.0006554527333333245
0.0006906557333333267
0.0006607281333333326
0.0006588545333333344
0.0006838370666666667
0.0006852496666666541
0.0006840499999999953
0.0006934648000000025
0.0007279854666666512
0.0007072324666666629
0.0007071101999999977
0.0007547926666666778
0.000716247933333336
0.0007261077333333329
0.000784588399999997
0.0007438766000000004
0.0007582921333333307
0.0007832216000000021
0.000757876199999985
0.000790183133333322
0.0007879352000000006
0.0007770401999999936
0.0008131916666666683
0.000821469399999993
0.0007950391333333344
0.00084228000000001
0.0008359202666666418
0.0008407588666666576
0.0008373475333333176
0.0008340912666666551
0.0009164836666666491
0.000942767533333333
0.0009729791999999756
0.0010135277999999913
0.0009953162000000107
0.0009590150666666907
0.0010219413333333242
0.0009697420666666752
0.0009689921333333166
0.0009462753333333425
0.0009403996666666655
0.0009581058666666771
0.000945286066666684
0.001032668266666681
0.0010983641999999794
0.0010089079333332881
0.0009788243999999966
0.0009671215333333223
0.0010065876666666659
0.0009918744666666869
0.0011186376000000239
0.0010836832
0.001011847333333371
0.001012882933333333
0.0010871293999999755
0.0010507075333333097
0.001060987599999989
0.0010731723999999924
0.0010546634000000072
0.0010647562666666666
0.0011177897333333408
0.0010956388666666743
0.0011624825333333532
0.0010887691999999542
0.001204481733333355
0.0011403019333333505
0.0011615633999999986
0.0011243104666666633
0.0011420657999999585
0.00115150246666668
0.001163509133333355
0.001174892666666653
0.0011824947999999964
0.0011937318666666622
0.0012144936666666458
0.0012555294666666938
0.001256345133333303
0.0012476736666666858
0.0012380943999999931
0.0012985095333333252
0.0012639100666666625
0.0012817797333333214
0.0012971966666666705
0.001302246533333366
0.0013081342000000145
0.0012937505999999655
0.0013178145333332836
0.001333376466666684
0.0013379312000000236
0.001325912533333303
0.0013573535333333572
0.0013506552666666374
0.0013774902666666181
0.0013865850666666605
0.0013793121333333029
0.0014024341333333781
0.0014263406666666552
0.001401406399999979
0.0014439979333333555
0.0014992095333334454
0.0014580922666666515
0.0015067673999999383
0.0014701714666667106
0.0014648670666665827
0.0015101327999999488
0.001476334599999992
0.0015110127333333168
0.0015382441333332923
0.001519789266666649
0.0015885552000000599
0.0015120129333334139
0.0015365595999999352
0.0015302253333334015
0.0015534938666666184
0.001564372199999949
0.0015592582666667336
0.0016177633333332923
0.0016446372666667189
0.001647534200000056
0.0015968551333333636
0.0016111443333332845
0.0016716591333333438
0.0016982753333333101
0.0016347410000000433
0.0016943920666666833
0.0016751867333333337
0.0017120716666666701
0.0017723116666666706
0.00188556973333327
0.0017856415333333746
0.0018017921333332984
0.001834603866666651
0.0018043516666667258
0.001807538866666647
0.0017609658666666306
0.0019181849999999833
0.0018170628666666743
0.0018326274666666364
0.0019073825333333794
0.0019149694000000514
0.0018590886666667158
0.0018972412000000402
0.0019029004666666202
0.001872486066666627
0.0018795749999999777
0.0019172852666666943
0.0019113369333333629
0.001926759200000087
0.0019341676000000697
0.0019487196666666169
0.001975243399999993
0.002135855733333288
0.002062675799999969
0.0020207299333332724
0.0021148082666666863
0.002044324533333371
0.002017855800000016
0.0020736147333332805
0.0020647932666666277
0.002084947466666668
0.0020966203333332876
0.0020901410000000453
0.002112235733333308
0.002111285999999879
0.002121660200000086
0.0021642278000001624
0.00214553653333347
0.002168393666666546
0.0021863720000000696
0.0021774889999999067
0.0023692511333333497
0.0021995419999999064
0.0022040248666665837
0.002290695733333218
0.0022322327333332242
0.002264648000000058
0.002270235000000002
0.0022721884666665913
0.0023130193999998977
0.0022996376000000633
0.002339243933333416
0.0023369035333333345
0.002323572533333381
0.002351225133333301
0.002488682933333308
0.0024001475333333745
0.0023897193333333178
0.002429341399999944
0.0024602754666665544
0.0024137719333332088
0.0024519449333332945
0.0024286748666665875
0.002494860733333345
0.0025564224666666155
0.0025311113999998487
0.002477099399999953
0.002512188600000146
0.002511809933333353
0.00254778146666658
0.002670715399999916
0.0025827381999999825
0.0025755867333333645
0.002587879000000193
0.0026768461999999715
0.0031899382666664994
0.0026065023333332604
0.002646719000000116
0.0026645148666666783
0.002643038199999914
0.0026388450666666213
0.0028119116666665295
0.002693399066666539
0.002768984066666628
0.0027592921999999593
0.002730944999999944
0.0027655848666666926
0.002752732466666726
0.0027512042000000275
0.0028565463333333576
0.002836791399999979
0.0028124190666667676
0.0028295840666666904
0.00285136986666649
0.0029117524666668615
0.002860683666666593
0.002881787599999856
0.0028754888666669013
0.0029206794666665798
0.0029491242000001232
0.002909433133333354
0.0029717114666667046
0.0029670682666665133
0.002973838933333243
0.0030291436666666153
0.0029875642000000368
0.003038000466666742
0.003097548733333255
0.0030563907333332214
0.003073237466666612
0.003119244133333273
0.003053291133333384
0.003139418199999788
0.003079285933333272
0.003264436066666517
0.0032091014000000585
0.003275618600000089
0.003252243666666625
0.0031689381999999116
0.0031960633999999527
0.0031981427333332016
0.003261843466666825
0.003277073933333282
0.0032751375333333497
0.0032625595333333497
0.003344783200000023
0.0032940069333333116
0.0033577285333334333
0.003373416933333336
0.003394823066666793
0.0033802901999997323
0.0035133219333333206
0.0035183585999999894
0.003547968466666636
0.0036211825999998837
0.0036550878666667804
0.003615269066666708
0.0035963441333331995
0.003574702133333337
0.003674103266666388
0.003611597933333262
0.0036117772666666307
0.0036475969333334747
0.003702574200000323
0.003680350199999675
0.0037472422666670726
0.003766101266666529
0.0037374522000001536
0.003755810800000129
0.003746161799999944
0.0037563358666667787
0.0038124229999997538
0.003836113866666461
0.003890283933333194
0.004002712666666852
0.0038427881999999395
0.0039305964000000415
0.0038834430666666955
0.003916598466665988
0.003927427600000162
0.003947178133333296
0.003962742866666365
0.003992473066666709
0.004080100600000118
0.004054701199999992
0.004144941066666874
0.004150003066666486
0.004144842866666683
0.004040507133333312
0.004108402466666661
0.004089536733333432
0.004083877933333587
0.00412730553333347
0.004165266733333321
0.004095853600000155
0.004118364200000121
0.004129037599999918
0.0042435107999999385
0.004243482133333151
0.004241545666666487
0.004245923199999998
0.004248940599999903
0.0042502067333330725
0.004364050600000151
0.004517122133333373
0.004364865333333157
0.004381834933333314
0.004368324066666674
0.004414735800000239
0.004426855799999884
0.004422049333333433
0.004998730599999846
0.004636662133333165
0.0046245902000002555
0.004626744400000031
0.004628324333333348
0.004791397533333234
0.004681369733332967
0.004623080133333109
0.0047089237333332555
0.004656255200000103
0.004711354599999969
0.004888646000000089
0.00475842386666668
0.004626457799999647
0.004771449133333287
0.00466825600000007
0.004687741066666599
0.00475495799999995
0.004904015733333249
0.004910066266666627
0.004722925333333095
0.004817115799999883
0.004864841400000112
0.00480250460000029
0.0048761298666667825
0.004907984866666718
0.004940882533333024
0.004879025200000223
0.004955467800000098
0.00488888820000047
0.004918038133333269
0.005008898666666658
0.005122027333333416
0.005002146533333137
0.004985964333333233
0.00507902113333311
0.0049987154000002455
0.0050189322000000185
0.005038068466666583
0.005061722866666685
0.005130982200000152
0.005178549933333087
0.005349365333333485
0.0053363594000000346
0.005162132533333264
0.005210289999999892
0.005317851800000047
0.00570434493333328
0.005508937733333378
0.005341012066666432
0.005315890599999899
0.005304860600000083
0.0053353510666662865
0.005383099866666659
0.005301781866666863
0.005447735000000027
0.005395694733333419
0.0053868811333334325
0.00556965473333347
0.0054640692666666265
0.005427183866667207
0.00553530086666664
0.0055690739333336126
0.005543052133333504
0.005529248400000123
0.005611899333333289
0.005701300866666277
0.005701715866666272
0.005664290533332661
0.005627882266666735
0.0058009406666670316
0.005902930133334176
0.005661838200000347
0.005939635133333354
0.005712990999999808
0.005832006733333372
0.005866662999999761
0.005871885066666494
0.005887359599999797
0.005937019266666492
0.005956629400000442
0.005956713199999323
0.005922499266666392
0.0061358844000009094
0.006031653866667123
0.006151090333333068
0.006032307533333637
0.006140368600000083
0.0061085103999997635
0.006114155799999802
0.006170227133333365
0.006042246733332727
