0 2.540000000005732e-07
1 2.340499999999718e-07
2 1.5657499999995051e-06
3 1.5006499999990763e-06
4 1.6715500000007154e-06
5 2.8961000000004427e-06
6 3.833449999999724e-06
7 3.2691999999993893e-06
8 4.4814000000004125e-06
9 5.737449999999867e-06
10 4.705699999999966e-06
11 7.482750000000274e-06
12 7.262650000000592e-06
13 7.472650000000039e-06
14 9.330149999999676e-06
15 8.5630499999996e-06
16 9.524649999999648e-06
17 1.161289999999926e-05
18 1.0873750000000778e-05
19 1.0853200000000145e-05
20 1.1859199999999722e-05
21 1.196405000000074e-05
22 1.3070899999999275e-05
23 1.4418249999999245e-05
24 1.5788549999999278e-05
25 1.565739999999996e-05
26 1.7008049999999235e-05
27 1.710109999999987e-05
28 2.0996899999999735e-05
29 1.879240000000025e-05
30 1.9458499999999712e-05
31 2.1202149999999602e-05
32 2.1420000000000466e-05
33 2.1399799999999998e-05
34 2.1871549999998366e-05
35 2.3596950000000923e-05
36 2.755875000000005e-05
37 2.6413949999998938e-05
38 2.587219999999682e-05
39 2.5460249999999933e-05
40 2.8070400000000662e-05
41 2.809939999999858e-05
42 2.8269250000000773e-05
43 3.201590000000074e-05
44 3.031355000000027e-05
45 3.382684999999747e-05
46 3.000490000000036e-05
47 3.3395399999999745e-05
48 3.512979999999929e-05
49 3.5882749999998494e-05
50 3.426050000000097e-05
51 3.79663999999981e-05
52 3.9269249999999285e-05
53 3.772674999999934e-05
54 3.580279999999894e-05
55 3.838114999999975e-05
56 3.965069999999973e-05
57 3.7763049999998964e-05
58 3.991550000000052e-05
59 4.1923000000000656e-05
60 4.496735000000113e-05
61 4.453755000000184e-05
62 4.59290000000008e-05
63 4.887534999999596e-05
64 4.400685000000154e-05
65 4.7656050000000755e-05
66 5.202094999999865e-05
67 4.866880000000129e-05
68 4.8751249999999524e-05
69 4.762664999999888e-05
70 5.2260950000002775e-05
71 5.399509999999968e-05
72 6.103625000000098e-05
73 5.4075799999999534e-05
74 5.694910000000053e-05
75 6.066650000000062e-05
76 5.64410500000008e-05
77 5.97561999999989e-05
78 5.563890000000182e-05
79 5.8007949999999696e-05
80 6.329945000000115e-05
81 6.108055000000195e-05
82 6.106489999999908e-05
83 6.604570000000032e-05
84 6.226635000000022e-05
85 6.439289999999737e-05
86 7.281979999999924e-05
87 7.344180000000144e-05
88 7.132580000000014e-05
89 7.608499999999935e-05
90 7.300005000000151e-05
91 7.094400000000125e-05
92 6.991285000000069e-05
93 7.392594999999849e-05
94 7.204104999999974e-05
95 7.720544999999802e-05
96 8.209225000000292e-05
97 7.37177999999991e-05
98 7.963635000000219e-05
99 8.719880000000457e-05
100 8.122544999999703e-05
101 8.156945000000193e-05
102 8.729479999999845e-05
103 8.12316999999993e-05
104 8.545164999999716e-05
105 8.097519999999969e-05
106 8.113640000000089e-05
107 8.756674999999686e-05
108 8.759629999999935e-05
109 8.331909999999832e-05
110 8.665460000000236e-05
111 9.119699999999703e-05
112 8.715684999999752e-05
113 8.874664999999477e-05
114 8.819764999999924e-05
115 9.243854999999996e-05
116 8.825670000000146e-05
117 0.00010426804999999622
118 0.00010130230000000018
119 9.831064999999694e-05
120 9.979759999999976e-05
121 0.00010236805000000265
122 9.933829999999727e-05
123 9.83353500000006e-05
124 0.00011055590000000199
125 0.00010244994999999701
126 0.00010059610000000274
127 0.00010208300000000003
128 9.854205000000005e-05
129 0.00010622229999999594
130 0.00010813400000000278
131 0.00010094729999999969
132 0.00010415209999999897
133 0.00010588789999999848
134 0.00011602164999999914
135 0.00011595075000000177
136 0.00011489219999999967
137 0.00011512175000000235
138 0.00011158215000000165
139 0.00011544779999999865
140 0.00011240405000000342
141 0.00011553204999999594
142 0.00011560495000000198
143 0.00011986959999999852
144 0.00012039984999999836
145 0.00011416550000000053
146 0.00012240380000000107
147 0.00014329320000000396
148 0.00012452054999999851
149 0.00013422000000000016
150 0.00011780165000000036
151 0.00012330645000000056
152 0.00012809889999999406
153 0.0001200220500000071
154 0.00012451629999999937
155 0.00013387469999999734
156 0.00012602659999999544
157 0.0001280633000000031
158 0.00012977634999999376
159 0.00013708610000000564
160 0.0001445871500000001
161 0.00014040260000000026
162 0.0001414036500000021
163 0.00014567440000000652
164 0.00013598814999999932
165 0.0001339843000000035
166 0.00013526514999999962
167 0.00013955960000000545
168 0.0001518496999999952
169 0.00016853469999999481
170 0.0001393041500000053
171 0.00014863794999999959
172 0.00016476585000000377
173 0.00015654380000000855
174 0.00014813704999999677
175 0.00014667054999999984
176 0.00014778454999999635
177 0.00014022830000000043
178 0.0001640588500000012
179 0.0001537504999999939
180 0.0001584736499999989
181 0.0001807725500000079
182 0.00016433744999999335
183 0.00016153204999998783
184 0.0001539183000000055
185 0.00016768444999999964
186 0.00016715665000000267
187 0.0001693734999999974
188 0.00017056629999999962
189 0.00015597855000000217
190 0.00016235934999999646
191 0.00016669504999999586
192 0.00019788094999999284
193 0.00016983889999999668
194 0.0001690185999999927
195 0.00017250289999999336
196 0.00018806674999999884
197 0.00026518579999999515
198 0.00019085279999999928
199 0.00018105514999999518
200 0.00019599150000000065
201 0.00018672330000000237
202 0.00017878364999999175
203 0.0001785539499999933
204 0.0001857910000000046
205 0.00019459835000000536
206 0.00020160729999999237
207 0.00019166324999998763
208 0.00019326840000000455
209 0.00021460690000000838
210 0.00018627539999999665
211 0.00021334545000000483
212 0.00021514249999999568
213 0.0002136566499999909
214 0.0001940850000000105
215 0.00018406125000000883
216 0.00018466760000000472
217 0.00020178305000000119
218 0.00019099105000000005
219 0.00019829670000000023
220 0.0001929348500000011
221 0.00020256670000000365
222 0.00020133790000000372
223 0.00022135194999998165
224 0.0002121942999999904
225 0.00021006444999999708
226 0.0002302882000000117
227 0.0002160877499999936
228 0.0002019464999999998
229 0.00019654705000000106
230 0.00020619284999999764
231 0.0002063349499999978
232 0.000213164950000011
233 0.00021003084999998145
234 0.00021640135000000615
235 0.0002101731499999926
236 0.00020759389999999155
237 0.00021544675000000345
238 0.00020756370000001855
239 0.00021546014999999642
240 0.0002438436999999849
241 0.00021704710000000627
242 0.00021790465000001146
243 0.0002249789500000099
244 0.0002089288000000078
245 0.00020926809999999852
246 0.0002325971499999857
247 0.0002271948500000065
248 0.0002323896000000103
249 0.00023871050000000006
250 0.00022440179999997923
251 0.0002360510999999843
252 0.00022253899999999383
253 0.0002335306000000037
254 0.00023248899999998575
255 0.000247966000000005
256 0.00025101295000000136
257 0.0002224258500000187
258 0.0002408610499999908
259 0.00021790549999998744
260 0.00023268459999999935
261 0.00023689530000000624
262 0.00026514970000000024
263 0.00024149985000002094
264 0.00024134765000001225
265 0.0002406318500000171
266 0.00024171439999998712
267 0.00022757509999999926
268 0.00025876065000000615
269 0.0002567235499999987
270 0.00023845115000000193
271 0.0002638374500000096
272 0.00023520800000000896
273 0.00023853680000000544
274 0.00027734415000000846
275 0.0003037227000000142
276 0.00024120660000002126
277 0.0002503911500000011
278 0.00025353595000000004
279 0.0002524015000000157
280 0.0002876122499999967
281 0.00026799889999999936
282 0.00026011614999999486
283 0.0002529437500000065
284 0.0002540440499999963
285 0.0002626078500000073
286 0.0002848625500000146
287 0.00026962435000001394
288 0.0002553568999999978
289 0.0002759901500000106
290 0.0002564402000000021
291 0.00027125889999999876
292 0.00028845220000000004
293 0.00028118029999998353
294 0.00027787555000000075
295 0.0002563730000000153
296 0.0002901784500000004
297 0.00028208485000000283
298 0.0002776031000000123
299 0.0002925964000000003
300 0.0002734516999999992
301 0.0002759682000000041
302 0.0002772147999999919
303 0.00029793004999999483
304 0.0003139559999999986
305 0.0002828416
306 0.0002868661499999925
307 0.0002789298000000051
308 0.0002757792999999953
309 0.00030783475000000226
310 0.0002966647999999905
311 0.00028549455000002053
312 0.00028322539999998676
313 0.0002847087999999998
314 0.0003001628000000034
315 0.0003256958500000073
316 0.0002968235000000097
317 0.0002967065999999796
318 0.00030300749999999653
319 0.00029911150000001553
320 0.00029878755000001256
321 0.00030605004999998406
322 0.00031812724999999984
323 0.0002862281500000008
324 0.0002990685000000215
325 0.0003136299000000009
326 0.0003200281999999999
327 0.00031822065000002285
328 0.00030878894999997186
329 0.0003101051500000285
330 0.0003117552499999898
331 0.00031124140000000634
332 0.0003137136000000318
333 0.0003021390500000165
334 0.0003137410000000229
335 0.00032711335000001895
336 0.0003287632999999901
337 0.00032422535000001804
338 0.0003109687500000402
339 0.0003182739000000101
340 0.000330157299999978
341 0.00035208685000001074
342 0.00036902615000000694
343 0.00030762139999999103
344 0.00030819009999996096
345 0.00034415800000004993
346 0.00033259770000001467
347 0.0003386264999999611
348 0.0003262864999999948
349 0.000316592899999979
350 0.0003426764999999832
351 0.00035428439999999337
352 0.00034339934999999544
353 0.0003530255000000038
354 0.0003542686500000003
355 0.00031506099999998314
356 0.00036435454999997894
357 0.0003366822999999686
358 0.00032864195000003037
359 0.00034902835000000243
360 0.00035777050000002086
361 0.00037049725000001257
362 0.00033887559999999927
363 0.00035985094999999576
364 0.00035768234999999926
365 0.0003687777500000156
366 0.000382386899999998
367 0.00037918615000001046
368 0.0003643576499999801
369 0.0003587991000000068
370 0.00038941194999998486
371 0.000418565450000008
372 0.0005568368499999865
373 0.0003938913000000044
374 0.0003895355499999753
375 0.00040748090000001234
376 0.0003432010999999902
377 0.00036440290000001597
378 0.00037718990000003006
379 0.0003650095500000061
380 0.0003584640000000139
381 0.0003580823499999775
382 0.0003803251500000493
383 0.00035352664999999117
384 0.00037121724999999994
385 0.0003708002000000099
386 0.000392927750000005
387 0.00039248095000000706
388 0.0003695981000000015
389 0.0003737014999999677
390 0.0003639620499999996
391 0.000400564400000003
392 0.00037540209999998854
393 0.0003737751499999775
394 0.00036571645000000875
395 0.0003780107000000088
396 0.0003647960500000047
397 0.00038178334999998674
398 0.00037197780000001177
399 0.0003705713500000152
400 0.0003817306500000006
401 0.00038305520000001534
402 0.00040665199999999623
403 0.0004543944499999397
404 0.0004292407999999748
405 0.00039513240000000894
406 0.0004006145000000072
407 0.0004148430499999911
408 0.00041159665000001233
409 0.00039993910000001297
410 0.00043273355000000846
411 0.00044234875000002114
412 0.00040564905000002317
413 0.000421298499999978
414 0.00044699300000002886
415 0.00041504019999997197
416 0.00038952304999998464
417 0.0004094182000000224
418 0.00041106429999998584
419 0.0004414204500000185
420 0.0004632401000000064
421 0.00043215489999998136
422 0.00042732989999999527
423 0.0004557592000000277
424 0.00045588739999999903
425 0.00040066740000003207
426 0.0004150093999999993
427 0.0004559769500000033
428 0.0004176166499999856
429 0.00042277124999996475
430 0.00045160319999996144
431 0.00042490400000002595
432 0.000435445049999994
433 0.0004138277000000024
434 0.0004483816499999627
435 0.00043889080000001355
436 0.00042657919999999905
437 0.0004079199499999797
438 0.00046350139999998816
439 0.00043923850000000543
440 0.00042122319999998714
441 0.0004263189500000042
442 0.00048068445000001294
443 0.00041713079999994296
444 0.0004216140500000076
445 0.0004476408499999751
446 0.0004563674000000129
447 0.00048533840000004603
448 0.0004585856000000277
449 0.0004637254000000368
450 0.0004291248999999997
451 0.00046716174999998915
452 0.0004523920999999653
453 0.00048216910000002943
454 0.0004547242499999271
455 0.000449753200000047
456 0.0004449036999999434
457 0.00043178654999993517
458 0.00044225164999998066
459 0.00045771959999998393
460 0.0004681403000000417
461 0.0004773298500000189
462 0.00045165760000005496
463 0.0004607636500000067
464 0.00048098519999999477
465 0.00048755205000001746
466 0.0004774485000000217
467 0.00047134285000005605
468 0.0004528303000000289
469 0.0005133774499999743
470 0.0004651248999999913
471 0.0004628772999999864
472 0.00047282135000006333
473 0.00048319350000010087
474 0.0004506232000000443
475 0.0004402375499999112
476 0.00043815430000000434
477 0.0005163786999998976
478 0.00048366580000001045
479 0.0004852591499999503
480 0.0004811486499999962
481 0.0004840407999999963
482 0.0004775435500000258
483 0.0005479640000000563
484 0.000545660250000024
485 0.0004602821499999132
486 0.0004921880000000822
487 0.0005288265499999723
488 0.00048732645000013617
489 0.000493554200000057
490 0.0004888536500000206
491 0.000530866449999956
492 0.0004885194999999954
493 0.00047967079999997606
494 0.0005075206999999527
495 0.0004849577000000105
496 0.0004914957999999858
497 0.0005150315999999488
498 0.0004887306499999688
499 0.0004988441499999885
500 0.0005242264500000093
501 0.0004829488500000423
502 0.0004923410500000003
503 0.0005479041500000337
504 0.0005131330500000697
505 0.0005062276999999949
506 0.000511865499999975
507 0.0005118960000000339
508 0.0005018481000000019
509 0.0005125865999999535
510 0.0005146178500000653
511 0.0005150524000000267
512 0.0004962470499999983
513 0.0004997713999999487
514 0.0005402717499999766
515 0.000513479500000047
516 0.0005173277499999962
517 0.0005294564999999363
518 0.0005108589000000441
519 0.0005415691999999916
520 0.0005348835500000426
521 0.0004960986499999986
522 0.000546498249999905
523 0.0005099324000000128
524 0.0005005715999999883
525 0.0005283708999999304
526 0.0005454683500000224
527 0.0005451919500000235
528 0.0005350928000000365
529 0.0005379458999999586
530 0.0005345035999999137
531 0.0005363651499999955
532 0.0005579407000000147
533 0.000557176499999934
534 0.0005332041999999814
535 0.0005337051499999301
536 0.0005311959499999519
537 0.000522515750000041
538 0.0005370898000000013
539 0.0005570440499999884
540 0.0005260509500000232
541 0.0005407844999999467
542 0.0005203371499999277
543 0.0005189845999999942
544 0.0005551547500000087
545 0.0005836223999999834
546 0.0005953838499999752
547 0.0006235369999999518
548 0.0005393203500000165
549 0.0005796898500000092
550 0.0005807713999999908
551 0.0005471047000000784
552 0.0005851298999999921
553 0.0005445575999999841
554 0.000549419299999987
555 0.0005711314999999439
556 0.0005639208499999881
557 0.0005634526499999515
558 0.0005774771500000275
559 0.0005408975000000593
560 0.0005379494500000525
561 0.0006008149500000614
562 0.000579033499999948
563 0.000565742550000059
564 0.000592917350000044
565 0.0005434015000000292
566 0.0005957841499999228
567 0.000568494650000062
568 0.0005865842499999996
569 0.0005516775000000251
570 0.0005807663500000615
571 0.0005836538499999877
572 0.0006831769500000639
573 0.0005427074500000684
574 0.0005564885999999935
575 0.0006166421499999685
576 0.0005804809500000064
577 0.0006082297499999667
578 0.0006108614999999817
579 0.0005704766500000292
580 0.0005920920999999968
581 0.000606920450000037
582 0.0005873028000000557
583 0.0005892116499999656
584 0.0006017761999999926
585 0.00057961755
586 0.0006253862999999749
587 0.0005954442999999588
588 0.000554479699999999
589 0.0005922412500000363
590 0.0006102822000000119
591 0.0005944984499999695
592 0.0006295850000000103
593 0.000591814050000039
594 0.000641655000000041
595 0.0005976019499999818
596 0.0005814724999999576
597 0.000625821999999987
598 0.0006086282499999651
599 0.0006018775499999851
600 0.0005961917999999899
601 0.0006120934999999106
602 0.000598785700000004
603 0.0006255287500000817
604 0.0006060629499999859
605 0.0006160298500000438
606 0.0006385159000000141
607 0.0006335498999999967
608 0.0006627779500000486
609 0.0006191270999999609
610 0.0006299437999999879
611 0.0006274652499999922
612 0.000597741099999971
613 0.0006280977499999674
614 0.0006340452499999927
615 0.0006449362499999945
616 0.0006310187499999787
617 0.000618468300000008
618 0.0007016463999999889
619 0.0006112891999999981
620 0.0007010954500000111
621 0.0006340353000000576
622 0.000645130350000045
623 0.0007221657499997924
624 0.0006135970999999963
625 0.0006403657499999937
626 0.0006592007500000552
627 0.0005976496999998915
628 0.0006505697499998853
629 0.0006534513999999269
630 0.0007044807500000249
631 0.0006369550499999655
632 0.0006350073499999276
633 0.0006765679999999108
634 0.0006762824000000389
635 0.0006604703999999462
636 0.000649460799999968
637 0.0006224658000000716
638 0.0006757999000001291
639 0.0006256506000000605
640 0.0006670813999999581
641 0.0006820133999999811
642 0.0006301073499998644
643 0.0006814385999999839
644 0.0006478474000000123
645 0.0006504817999999802
646 0.0006603117500001421
647 0.0006688190000000205
648 0.0007201001499998582
649 0.0006638439000000495
650 0.0006973517499999637
651 0.0006677149000000159
652 0.0007097561499999738
653 0.0007360086000000266
654 0.0007024070000000826
655 0.0007037787499999393
656 0.0006611637499999822
657 0.0006816407999999275
658 0.0006434849000000131
659 0.0006725598000000943
660 0.0007558095000000265
661 0.0006711568999999695
662 0.0006703720499999122
663 0.0006643037999999546
664 0.0006913189499999639
665 0.0006800825499999608
666 0.0006942198999999594
667 0.0007209160499998645
668 0.0006602429999998715
669 0.0006906293000001451
670 0.0006734922000000143
671 0.0006881288999999846
672 0.0007302908500000261
673 0.0006733662499999405
674 0.0007181244999997283
675 0.0006776336500000201
676 0.0007051113500001538
677 0.0007124253500000677
678 0.0007162864999998853
679 0.0007108355000001509
680 0.0006754266500001993
681 0.0007123819000000697
682 0.0006848742500000782
683 0.0007314355999999744
684 0.0007204712000001389
685 0.0007178507999999973
686 0.0007464364000000501
687 0.0006988953500000506
688 0.000785761499999893
689 0.0007178157999998547
690 0.0007833215500000268
691 0.0007019096000000058
692 0.0007004945500000304
693 0.0007252478000000284
694 0.0007206439499999106
695 0.0007364084500000257
696 0.0007251439500000956
697 0.0007319357000000082
698 0.0007006287500000763
699 0.0007508711000000279
700 0.0007033084499999731
701 0.0007421661500000898
702 0.0007345583500000697
703 0.0006885404000000594
704 0.0007263881500000124
705 0.0006976349499999923
706 0.0007447068000000723
707 0.0007288153499999783
708 0.0007876559000000061
709 0.0006919654000001607
710 0.0007645049000000626
711 0.0007399058499999445
712 0.0007544784999998555
713 0.0007150589999999291
714 0.0007795870500001189
715 0.0007847273499998586
716 0.000717763949999961
717 0.0007839689000000317
718 0.0007504536999999534
719 0.000805856099999902
720 0.0008161127499999754
721 0.000830076950000036
722 0.0007181289500001409
723 0.0007654254000000638
724 0.0006859079500000309
725 0.0007255157999999096
726 0.0007671809999999724
727 0.0008223337500000039
728 0.0007987413500000429
729 0.0007698323999999701
730 0.000734476399999906
731 0.0007611439500000205
732 0.0007946562999999074
733 0.0007574681000000361
734 0.0007559815999999663
735 0.0007519910500001448
736 0.0007753607999999801
737 0.000737589399999905
738 0.0008056633000001589
739 0.0007947577000000372
740 0.000766792699999952
741 0.0007438791500000708
742 0.000743893200000123
743 0.0007729033500000426
744 0.0007724587000000227
745 0.0008103044499999434
746 0.0007588237000000664
747 0.0007759694499999359
748 0.0008303641999998668
749 0.000756715449999934
750 0.0007511432999999457
751 0.0007938069499999311
752 0.0007813081500000596
753 0.0008027262000001034
754 0.0007886965500000009
755 0.0007763007000000322
756 0.0007957420499999479
757 0.0007937908499999313
758 0.0008217888499999493
759 0.0007478248000000853
760 0.0007697731000000374
761 0.0007912403999999817
762 0.0007917163499998825
763 0.000807028949999955
764 0.0007607418999999282
765 0.0008379512999999062
766 0.0007774352500001136
767 0.0007830972999999907
768 0.0007886177999999689
769 0.0008412190500000527
770 0.0007813083999999914
771 0.000850690799999887
772 0.0007928925500000795
773 0.0007943333999998803
774 0.0008599645500001252
775 0.0008154352999997005
776 0.0008105963999999854
777 0.0008189239999999209
778 0.0009152587999999185
779 0.0009134189999999709
780 0.0008350553999999733
781 0.0008318760999999952
782 0.0008316597000001646
783 0.0008560928500001008
784 0.0007890031500000117
785 0.0008180586499998199
786 0.0008312330499999909
787 0.0009062858500000548
788 0.0007915622500000552
789 0.0008457599499999801
790 0.0008207298000000752
791 0.0008786387000000228
792 0.0008566895999999157
793 0.0008288396500000239
794 0.0008273317500000488
795 0.0008455026999999226
796 0.0008463486499999285
797 0.0008392875000001077
798 0.0008140211499999328
799 0.000852242899999922
800 0.0008072278000000211
801 0.0008068557999999726
802 0.0008398163999999486
803 0.000842428600000078
804 0.0008386400500000057
805 0.0008880343000001289
806 0.0008506064000000535
807 0.0008489542000000849
808 0.0008615846500000579
809 0.0008514340500000106
810 0.000836326699999912
811 0.0008805066499997683
812 0.0008891145999999406
813 0.0008514085499999879
814 0.0008437737499999987
815 0.0008325273500000118
816 0.0009142496000000388
817 0.0008798786499999434
818 0.0008528670000000904
819 0.0008374920500000993
820 0.0008549494999999574
821 0.0008628950999999052
822 0.0008643928999998885
823 0.0009170391000000944
824 0.0008871902500000139
825 0.0008353842499999153
826 0.0009080275499999235
827 0.0009062600500000073
828 0.0008257783499999949
829 0.0008749940999999151
830 0.0008521791000000612
831 0.0008882097999999061
832 0.0009842945999999132
833 0.0008754138999999661
834 0.0008277984500000279
835 0.0008762114999999682
836 0.0008990704000000349
837 0.0009945214000000925
838 0.0009054492500000233
839 0.0008688228000000908
840 0.0008680891499999177
841 0.0008997778000000789
842 0.0009190871999999572
843 0.0008660203999998562
844 0.0009154469499998985
845 0.0009204158499999781
846 0.0009058680499999916
847 0.0008693907999999251
848 0.0008772112000000831
849 0.0009091307500000756
850 0.0009062047999999657
851 0.0009122806500001523
852 0.000849599750000074
853 0.0009307025000000913
854 0.0008610612999999656
855 0.0009027201499999471
856 0.0009297254000000255
857 0.0008844788500000256
858 0.0008784745499999857
859 0.0008671083500000787
860 0.0009484353999999584
861 0.0008812691500000192
862 0.0009435972499998613
863 0.000987189049999948
864 0.0009453569500000203
865 0.000950169000000134
866 0.0008763852999999599
867 0.0009414973000001047
868 0.0008848600999997736
869 0.0009121569500001314
870 0.0008808732000000318
871 0.0009493440999999159
872 0.0009380289000000986
873 0.0009368149499999312
874 0.0009030347999998689
875 0.0009217268499999598
876 0.0009491510000000147
877 0.0009300486500000815
878 0.000942641549999923
879 0.0009427424999999268
880 0.000964434300000061
881 0.0009321707499998055
882 0.0009329945000001061
883 0.0009382082000000125
884 0.0009182694999998909
885 0.0009722452499998369
886 0.0009291464000002137
887 0.0009752348000001021
888 0.000993454700000207
889 0.0009238001499999981
890 0.0009207521499997817
891 0.000931397499999953
892 0.0009862995499999804
893 0.0009256708999997975
894 0.0009635356000001316
895 0.0009604483500000427
896 0.0009269050999998641
897 0.0010286816499998075
898 0.000934252749999942
899 0.0010082538000001583
900 0.0009631660499994865
901 0.000957001399999946
902 0.001020854000000071
903 0.0009468104500000684
904 0.000996873850000224
905 0.0009991521500000821
906 0.0009467274499999512
907 0.000989092849999995
908 0.0009178431000000486
909 0.000995715300000377
910 0.0009808975500000372
911 0.0009763904000001488
912 0.0009973985999995882
913 0.0010686915999999157
914 0.0009881574999998754
915 0.0009951688500001942
916 0.0009354766499998668
917 0.000992875000000204
918 0.0009772818999998379
919 0.0009778923999999912
920 0.0009885033000001542
921 0.0009450310000002737
922 0.001000411749999941
923 0.0009359732000001842
924 0.0009762466500002453
925 0.0010509250500001955
926 0.0010637034500001086
927 0.0009808413000000015
928 0.0009700382000001007
929 0.0009783863499998268
930 0.0009852951500006312
931 0.0009775837999999482
932 0.0009718545500000175
933 0.0010520319999999471
934 0.0010009622500000148
935 0.0009617990999998937
936 0.001030710999999851
937 0.0012285053999999463
938 0.0009991396499998474
939 0.0009882602999999434
940 0.0009955246999999723
941 0.0010782439500000684
942 0.0010471664000000658
943 0.0010173901000001706
944 0.0009838824000000025
945 0.0010608874500003473
946 0.0010351844500001484
947 0.0010136566499999943
948 0.00102501230000005
949 0.0009968487999999277
950 0.001076709150000088
951 0.0010728613999998692
952 0.001081567699999919
953 0.001081781399999837
954 0.001089362749999978
955 0.001041589700000145
956 0.0010191127500000618
957 0.0010369495500001768
958 0.00101264840000006
959 0.0010719071000002244
960 0.001056742349999773
961 0.001065701700000332
962 0.001002627149999924
963 0.0010818530999999964
964 0.0010301538499999374
965 0.001065042750000078
966 0.0009978015500001548
967 0.0010969109000001254
968 0.00112984599999999
969 0.0010535311499997313
970 0.0011433438500000116
971 0.0011001689999997843
972 0.0010390510999997993
973 0.0010579749999997112
974 0.001024139900000165
975 0.0010447980500002175
976 0.0010502158999999623
977 0.001046811950000137
978 0.001064384149999853
979 0.0010994361499998995
980 0.0011603459999998122
981 0.0011440832500002607
982 0.0010719740500000797
983 0.0011349571000001113
984 0.0010840610999998113
985 0.001065264800000154
986 0.001119091799999783
987 0.001065485899999974
988 0.0010485705000000678
989 0.001014806250000344
990 0.001141835349999809
991 0.0011255595500001547
992 0.0010467830500000552
993 0.00108471235000005
994 0.0011631530999999917
995 0.0010416512500000864
996 0.0010743079499999197
997 0.0010817436499999111
998 0.0010324115999998718
999 0.0010795300500002548
