4.3846666666624844e-07
3.6453333333343517e-07
1.2078000000021831e-06
1.9224666666683063e-06
2.0586666666650804e-06
2.9271333333344416e-06
3.9787333333327995e-06
4.270733333333147e-06
4.914866666666518e-06
6.180399999999864e-06
8.10446666666594e-06
9.841000000001173e-06
7.8001333333332e-06
8.484066666666439e-06
8.812066666666804e-06
1.1610399999999651e-05
1.8614333333333752e-05
1.2920933333331978e-05
1.4565200000000074e-05
1.3698533333332542e-05
1.8713533333332886e-05
1.782339999999947e-05
1.8821199999999318e-05
1.7824266666666607e-05
2.355946666666673e-05
2.1940866666667058e-05
2.1032400000000246e-05
2.372053333333235e-05
2.204066666666634e-05
2.4322733333332256e-05
2.6613199999999764e-05
2.599986666666776e-05
2.7569466666666393e-05
2.8990200000000392e-05
2.9476399999999368e-05
2.9505466666665536e-05
3.1936066666667555e-05
3.444700000000041e-05
3.0373599999999427e-05
3.8930466666666866e-05
2.990713333333404e-05
3.569080000000076e-05
3.245893333333426e-05
3.4612866666665815e-05
3.5944266666666315e-05
4.208773333333471e-05
3.799679999999898e-05
3.5774599999999676e-05
4.32567333333328e-05
4.622233333333401e-05
4.670746666666688e-05
4.3893866666666616e-05
4.934773333333346e-05
4.415326666666654e-05
4.851606666666693e-05
5.304906666666609e-05
4.714753333333275e-05
5.437366666666601e-05
4.723806666666839e-05
5.0365800000000865e-05
5.31922666666675e-05
4.867579999999946e-05
5.4112399999999465e-05
6.105280000000083e-05
4.88486666666658e-05
5.133266666666562e-05
5.17335333333313e-05
5.6436333333333605e-05
6.745639999999886e-05
6.291293333333115e-05
6.492306666666577e-05
6.090559999999875e-05
5.865006666666654e-05
6.204200000000289e-05
6.785706666666742e-05
6.48712666666662e-05
6.369300000000077e-05
6.279493333333405e-05
5.7962333333330676e-05
6.720033333333467e-05
8.666979999999714e-05
6.601179999999873e-05
6.845086666666759e-05
6.639173333333008e-05
6.471379999999915e-05
6.608626666666598e-05
6.578146666666821e-05
6.952133333333424e-05
7.735953333333027e-05
7.745879999999742e-05
8.695686666666257e-05
8.025126666666623e-05
7.814533333333206e-05
7.984693333333384e-05
7.334180000000134e-05
8.707033333333151e-05
7.99645999999978e-05
8.899066666666714e-05
8.43617999999972e-05
8.253146666666507e-05
9.373146666666702e-05
8.943793333333338e-05
8.537793333333228e-05
9.174706666666791e-05
9.281340000000063e-05
8.820033333333163e-05
9.326379999999949e-05
9.124353333333131e-05
9.197306666666738e-05
9.567193333333465e-05
0.00010171613333333496
0.00010041573333333295
0.00010629673333333312
9.75861999999957e-05
0.00011016579999999869
9.679193333333446e-05
0.00010125193333333134
0.00010053373333333375
0.00010325253333333673
0.00010736873333332952
0.0001195621333333341
0.00010694780000000681
0.00010572913333333026
0.00014003640000000243
0.00010853253333332943
0.00011527553333333847
0.00013889866666666657
0.00010897646666666779
0.00012126360000000077
0.00012040240000000072
0.0001184922666666662
0.0001295906666666661
0.0001141398666666719
0.0001341060000000042
0.00012827559999999775
0.00011639113333333228
0.00012401773333333514
0.00012072999999999853
0.00012289486666666738
0.00013104299999999736
0.00013016400000000113
0.00012098373333333708
0.00013188166666666667
0.0001342188000000022
0.0001317905333333332
0.00013114846666666588
0.0001298744666666666
0.00013364066666666786
0.00013657393333333195
0.0001442284000000016
0.00014104906666666158
0.00014875959999999984
0.0001352982000000021
0.00014580453333333797
0.0001571416000000029
0.00015776973333332943
0.00013715866666666837
0.00014470653333333304
0.00015638026666666509
0.00015187226666666572
0.00014231553333332963
0.00014229993333333044
0.0001541460000000013
0.00015430206666666724
0.00014943079999999627
0.00014952533333333166
0.0001589278666666675
0.00014801773333332583
0.00015765546666666742
0.00016146693333333
0.00018720366666666693
0.00016494479999999977
0.00016042366666666475
0.000159046466666668
0.000172820133333329
0.000166337000000009
0.00016668433333333343
0.00017013973333333357
0.00017176706666666893
0.00016444286666667345
0.00018599680000001007
0.00020209806666665608
0.00019253626666666525
0.00018386786666666117
0.00017734640000000395
0.00019062353333333023
0.00018266993333332742
0.00019031766666666912
0.00019487506666667395
0.00023100813333333617
0.00017802426666667647
0.00018845066666665447
0.0001986536666666668
0.00021495133333333528
0.00019800219999999518
0.00019587226666666717
0.0001990074000000101
0.00017933773333333642
0.00019000980000000167
0.00019321519999998538
0.00020088593333333904
0.0002246872666666788
0.0002078423999999986
0.00021118566666666894
0.00022669413333333463
0.00021690080000000462
0.00021806453333333235
0.00022195966666666012
0.00020811666666667266
0.00022653606666666787
0.00021776519999999744
0.00021560520000000563
0.00019768660000000216
0.00021294960000000824
0.0002372929333333329
0.0002462806666666724
0.0002188233999999937
0.00020651146666667008
0.00020795600000000173
0.00021157066666665687
0.00022650979999999283
0.00022189293333333784
0.00020517259999999575
0.00021290480000001332
0.000263010933333326
0.0002545954666666554
0.0002568948666666571
0.0002306036666666585
0.00023538333333333143
0.00025668740000000335
0.0002365711333333261
0.0002397547999999916
0.00023847006666667022
0.00025103779999999796
0.0002589049333333334
0.00022809919999999817
0.00022761273333333037
0.0002554351333333334
0.00023857933333334044
0.0002355065333333295
0.00023629033333333327
0.0002621215333333334
0.00027122426666666236
0.0002576126000000012
0.0002442060666666745
0.0002708203999999862
0.0002525421999999944
0.0002573471999999836
0.0002387528666666435
0.00026521166666667966
0.00025516179999999594
0.00025509619999999347
0.0002803812000000091
0.00026357833333333266
0.00026742606666666874
0.0002570011333333344
0.00027792560000001
0.0002983169999999961
0.000317808399999997
0.00035610680000000745
0.00029532853333334627
0.0003104636000000068
0.00029414346666668166
0.0002711842666666427
0.000293419733333337
0.00028317326666664017
0.0002902441333333394
0.00027572140000001373
0.0002924256666666514
0.00029449806666665226
0.0002873931333333246
0.0002988084666666927
0.00028581826666665606
0.0002878264666666889
0.00030870453333332973
0.00028350893333333924
0.0002950251333333339
0.0002939516666666586
0.0002730977999999995
0.0003167087333333078
0.0003143085999999832
0.0002912255333333465
0.00029029859999999037
0.0002823143333333444
0.00031760506666667077
0.00032986426666667954
0.0003183107333333268
0.0003123789333333275
0.00032453579999998833
0.0003515397333333355
0.0003172103333333324
0.00033366453333335915
0.0003130173333333171
0.00032226466666665694
0.0003047055333333345
0.00032756526666667766
0.0003460896000000139
0.0003200684666666639
0.0003120279999999938
0.0003046672000000047
0.0003121025999999934
0.00033476173333334044
0.00033541326666665464
0.0003110058666666656
0.0003188088666666644
0.00033337420000001394
0.0003293264666666721
0.0003559286000000143
0.00034006126666667286
0.00033078126666666503
0.0003327127333333217
0.00032892286666667364
0.00031129713333333253
0.00033471213333334434
0.0003737226666666723
0.0003533689333333238
0.00031427053333336435
0.00033055626666664837
0.0003236752000000065
0.00036172526666666815
0.00037058220000000625
0.00033644640000001224
0.0003470562666666677
0.0003226753333333295
0.00032367793333332173
0.00036917326666666324
0.00035626826666667423
0.00034900619999999417
0.00035299293333333667
0.00036016986666666343
0.00037394533333334756
0.0003522177999999876
0.0003484643333333241
0.0003517498666666619
0.00035589326666669586
0.0003964395999999833
0.0003907890666666969
0.00037995693333331784
0.0003875571333333383
0.00036502980000000147
0.00036712479999999233
0.00036461120000001274
0.00037301173333332085
0.000393258133333374
0.00040438380000002995
0.00036616039999997816
0.0003685525333333069
0.00038518833333328986
0.00037199566666664313
0.00042980453333330004
0.00037485586666667164
0.0003559400666666601
0.0003667083333333654
0.00036637013333333063
0.00040289640000000423
0.0004285691333333267
0.00036759393333333595
0.0003801113333333402
0.000407979600000008
0.000402125400000027
0.0004965313999999813
0.00042238019999999804
0.0003854550666666808
0.00038342113333335407
0.00037991926666666547
0.0004391707999999846
0.00042063993333331476
0.00039678513333331426
0.00043108853333331256
0.00042094773333335077
0.00047714386666671454
0.0005027819333333295
0.0004430156000000037
0.00048656179999998866
0.0004502568666666651
0.00046161806666664693
0.000476523266666673
0.0004656693333333332
0.00045978559999998816
0.0005084912666666479
0.00045294333333331476
0.00043132166666666195
0.0004241805999999867
0.0004201661333333403
0.0004550177333333257
0.00040749206666664445
0.00046433233333328754
0.0004128686000000196
0.0004667306666666556
0.00042991860000003436
0.0004453168000000248
0.000498956066666656
0.00043477753333331925
0.00043183013333331446
0.00045801479999999135
0.0004463641333333435
0.0004135715333332938
0.0004540624666666826
0.0004376527333333158
0.0004864445333333597
0.00047666713333334166
0.00043540893333335144
0.0004582941999999572
0.0004607695333333162
0.0004645786000000059
0.00043856100000002246
0.00047044680000003504
0.00047549899999996075
0.0004965592666666593
0.0004820631333333362
0.0004423501333333283
0.00047702033333332967
0.00047752966666666136
0.00046224099999999285
0.00047033480000000514
0.00046140733333331537
0.0004654018666666667
0.0004826369333333247
0.00048031640000001374
0.00046547913333334635
0.0004700942000000226
0.0004893461999999775
0.0005445322666666789
0.0004469457333333408
0.0005099988666666721
0.0004839291999999921
0.0004897830666666566
0.0004616194666666444
0.00048492846666664904
0.0005030365999999582
0.0004868248666666464
0.0005210137999999808
0.00047037513333340425
0.0004995875999999732
0.0004849464000000155
0.0005133067333333407
0.000508866466666665
0.00046119959999999514
0.0004948398666666816
0.0006392712666666523
0.0005044884000000434
0.000525656399999989
0.00046207226666665767
0.0005406962000000348
0.0004907976666666425
0.0005731956666667
0.0005064634000000012
0.0005422141333333297
0.0005435836666667211
0.0005101798666666528
0.0005393450666666707
0.0005728811999999935
0.0005140925333333139
0.0005166341333333453
0.0004934723333333372
0.0004928039999999948
0.0005294710666666388
0.0004948755333333387
0.0005072420000000152
0.0004999457999999901
0.0005464175333333395
0.0005461013999999617
0.0005112914666667005
0.0005358842000000289
0.0005376210666666825
0.0005501070666666792
0.0005299646000000102
0.0004963590666667184
0.0005627804666666976
0.0005794854666666923
0.0005371800666666686
0.0005384589333333671
0.0005217869333333199
0.0005083350666666912
0.0005355978000000317
0.0005506587333333387
0.0005495804666666586
0.0005652722666666794
0.0005432732666667661
0.0005240286000000261
0.0005823732666667247
0.0006001815333332772
0.000544604866666661
0.0005420133333332504
0.0005807647333333499
0.0005323873999999525
0.000535083200000012
0.0006070172666666688
0.0005875330666666419
0.0005733854000000408
0.0005743008666666623
0.0005613060000000243
0.000580195000000098
0.0005560700000000196
0.0005618021999999575
0.000565965999999977
0.0005705362000000195
0.000555847600000033
0.0005695857333333443
0.0006079333333333399
0.0005482084666666924
0.0005705907999999778
0.0005705727333333262
0.0006001914000001089
0.0005994695999999245
0.0005557003333332903
0.0005520118000000037
0.0006200530666667111
0.0005405444666667
0.0005769033999999469
0.0006424190666666737
0.0005661856666666705
0.0005868845333332947
0.0005801152666666513
0.0006579029999999856
0.0005681021333334257
0.0005720534000000536
0.0006206792000000405
0.0006440858000000086
0.0006166878000000745
0.0006166847999999743
0.0006076394666667243
0.0005997232000000056
0.0005826706666665812
0.0006134620666666812
0.000621294333333348
0.0006299171999999409
0.0006152105999999454
0.0006236983999999169
0.0006020031333332732
0.0005755871333333218
0.0006174054000000299
0.0006481198666667076
0.0006178988666666995
0.0005899092666666069
0.0006818052666665982
0.0006270076666666272
0.000603513933333281
0.0006056908000000287
0.0006375129333333322
0.0006772735999999687
0.0006003926666666419
0.0006291578666666927
0.0006387763333332981
0.0006160781333332643
0.0007086665333332872
0.0006617960000000404
0.0006084679333333416
0.0006433803333333247
0.0006293407333333612
0.0005908999333334405
0.0006647863333332892
0.0006632172666666196
0.000608077066666753
0.0006328147333333274
0.000611841266666661
0.0006194638000000493
0.0006573038666666994
0.0006616755999999372
0.0006312146000000556
0.0006069751333333725
0.0006270871333332077
0.0006314841999999802
0.0006614079333333578
0.0006649657999999429
0.0006492992666666512
0.0006664766666666526
0.000659972733333299
0.0006617349333334132
0.0006919404666666591
0.0006924348666667098
0.0006660765333333411
0.0007149197999999579
0.0006157545999999551
0.0006409668666668071
0.0006581968666666604
0.0007134078666666117
0.0006284403999999336
0.0006958360666666626
0.0006774583333332806
0.0006568597333333296
0.0007274703333333873
0.0006904787999999051
0.0006463009333333325
0.0006706513333333497
0.0007233302000000386
0.0006921702666667251
0.0006436232000000135
0.0007328335999999602
0.00072889173333337
0.0006614803333333085
0.0008309334666666502
0.0007069205333333291
0.0006803991999999741
0.000674857266666636
0.000688171800000011
0.0006976249999999832
0.0006991953999999485
0.0006583861999999385
0.0007077002666666665
3.333333333207141e-07
2.8193333333111545e-07
1.1183333333164569e-06
1.9188000001039523e-06
2.819666666672068e-06
3.901466666652217e-06
5.140733333301265e-06
6.3043999999123915e-06
7.8526666666671e-06
9.346733333348566e-06
1.0940733333401435e-05
1.2801466666712003e-05
2.6172600000003616e-05
1.678559999997257e-05
1.8749066666619758e-05
2.10909999999546e-05
2.3647533333341167e-05
3.0495733333246733e-05
2.8883199999955404e-05
3.623513333333624e-05
3.448526666671725e-05
4.0185066666579655e-05
4.039426666665828e-05
4.377266666664899e-05
4.695393333333797e-05
5.0470466666633724e-05
5.4931533333283746e-05
6.213566666666282e-05
7.151426666659096e-05
7.014646666663183e-05
6.970373333331873e-05
7.405446666659543e-05
7.821639999997151e-05
8.29368000000071e-05
8.776959999992803e-05
9.234100000001059e-05
9.852440000000703e-05
0.00010930106666669677
0.0001077689999999798
0.00011231980000004545
0.00011807373333339773
0.000123671266666688
0.00012879579999998115
0.00013428320000003307
0.00014767479999996762
0.00015206119999999028
0.00016769086666667358
0.0001596169333333286
0.0001741663999999273
0.00017410733333340646
0.00018315239999996773
0.00018480759999999207
0.00019063293333336043
0.00020241933333329243
0.00020717040000001557
0.00021536653333331657
0.0002404419333333685
0.00023522033333337096
0.0003182559333333816
0.0002884451333333556
0.0002491682000001087
0.0002591648666667131
0.00027420499999992743
0.00028132333333325357
0.00029269546666676284
0.0002973761999999288
0.00031513766666666496
0.0003151568000000419
0.0003249157999999734
0.00033251186666663675
0.00034354859999992843
0.0003530531999999198
0.000370829933333372
0.00037863260000007654
0.0003802451999999512
0.00039389913333337154
0.00040065439999998156
0.00041454259999997115
0.00043156226666673326
0.0004311100666667104
0.00044029620000000474
0.0004476973333333116
0.00046944546666664405
0.00047344113333336324
0.0004754229333333804
0.0004869094666666444
0.000495522600000046
0.0005302777333333175
0.000524625466666695
0.0005387604666667064
0.0005600479333333593
0.0006668931333333461
0.000585903866666726
0.0005775703333333659
0.000589309533333271
0.0006575279333332833
0.0006116821999999485
0.000623154666666655
0.000687201066666591
0.000681938600000039
0.0006681667333333567
0.0006780049333333575
0.0007498307999999435
0.0007124044666666051
0.0007170292666666652
0.0007670426666666508
0.0007440276666667245
0.0007568418666666391
0.000815886800000006
0.0007909000000000018
0.0008516815333332595
0.0008234084666666715
0.0008342131333333096
0.0008638221333333066
0.0008703500000000197
0.0008757600000000032
0.0009097398000000053
0.0009158575999999622
0.0009302220666666195
0.0009368244000000322
0.000947380466666677
0.0009831389333333125
0.0009800085333333244
0.0010205849999998999
0.0010124868666667138
0.0010535707999999625
0.0010513086666666875
0.0010565986666666602
0.0011061523333332878
0.0010844904000000414
0.0011254745333333224
0.0011261010666668626
0.0011784789333331603
0.0013021682000001534
0.0012100308666665191
0.0012163099999999243
0.0012188976666665853
0.0012556341333334942
0.0012566074000002203
0.0012873380666667581
0.001322289800000102
0.0013405802000000004
0.0013331702666667055
0.0013407566666666427
0.0013769981333333922
0.0013739982666666724
0.0014904563333332159
0.0014125833333332948
0.001455092133333243
0.0014665294000000273
0.0014814462666668268
0.0014984941333333168
0.001549561466666442
0.001595599933333188
0.0015603572000000435
0.0015991124666665968
0.0016411655333333996
0.0015926453999999997
0.0016740655333333501
0.0016807752666666786
0.0016836646000000972
0.0016906870000000277
0.0017571564000000706
0.001807447133333362
0.001764109933333439
0.0017897871333332797
0.0018394908000000025
0.001883428666666731
0.0018751353333333516
0.0018552478666665688
0.0018805948666667405
0.0019317464000000821
0.0019421042000001166
0.001955337999999962
0.0019874276666666784
0.002031479666666532
0.002026311133333477
0.0020981731333334845
0.0020926441999999192
0.00210859853333325
0.0021368775333333663
0.0021487525333332867
0.002170463000000152
0.0022104560000000715
0.0022253258666667126
0.0022529458000001058
0.002257974866666679
0.002292493466666675
0.002343461533333328
0.0023202111333333166
0.0023748153333334205
0.0023823383999999354
0.0024196446000001853
0.002420517933333303
0.002493145866666661
0.00247712439999989
0.0024932567333334414
0.002582008999999985
0.002572257133333267
0.0025681272666666644
0.0026089294666667468
0.002627758933333446
0.0026448907999998992
0.0026721870666667276
0.0027758114666667074
0.0027847495333333566
0.0027876914666664495
0.0027890633333332343
0.002821764466666643
0.00295656580000004
0.0028597278666667946
0.0028791933333332407
0.0029404026666666637
0.0029749829333332776
0.0029781204666666267
0.0030190745333333285
0.003061318999999922
0.0030407453999999963
0.0031482325333334654
0.0031163593333333258
0.0031249185999998375
0.0031642825333333844
0.003195269666666671
0.003200601599999923
0.0032865298000000227
0.003268197266666739
0.003463334066666531
0.0033706052666666745
0.003412498133333249
0.0033832696666665995
0.003538490266666609
0.003459097
0.0034682845333334693
0.0035194157333332753
0.0035124136666667026
0.0036001482666667547
0.0036355793999999736
0.0036406444666667427
0.0036928354000001088
0.0036913520666666125
0.0037481864666666807
0.0037478127333333334
0.003799403600000121
0.0038150778666668234
0.003875210266666803
0.004480481333333586
0.003991678666666232
0.003979674666666474
0.0040076940666667815
0.003986960199999956
0.004067749200000037
0.004097196600000075
0.004101614333333477
0.004397927066666678
0.004199507866666726
0.004203644399999836
0.004233654999999577
0.004259387533333126
0.004275456733333508
0.004310662733333359
0.0044252219333336265
0.00442168666666672
0.004427580266666334
0.0044885823999997855
0.00460730473333335
0.00451045633333346
0.00457685353333351
0.004626968199999955
0.00463927626666667
0.004818244866666888
0.004739150666666703
0.004753845799999823
0.004756008066666577
0.004869875333333458
0.004832140866666635
0.00524935039999986
0.004928994200000147
0.00509789466666651
0.0050772837333333595
0.005028519533333409
0.005145643066666612
0.005129673933333479
0.0051046235333329784
0.005130198733333083
0.005192718400000018
0.005187403599999859
0.005232338666666673
0.005332405399999966
0.005313932533333343
0.005340491400000147
0.005438197266666952
0.005402888933333116
0.0054631121999999975
0.005606624199999762
0.005652439000000223
0.005694889866666486
0.005675002333333267
0.005652441933333445
0.005710015933333423
0.005762796466666605
0.005955130000000016
0.005813449000000167
0.005852453333333211
0.005883005133333204
0.00586791373333296
0.006002121133333205
0.006051961933333298
0.006128755266666511
0.006089887866666643
0.006120949000000545
0.006188736799999954
0.006287894133333202
0.006238018866666551
0.006343574533333059
0.0063218049333330605
0.006334970266666318
0.0063964873333334305
0.006465672999999938
0.006469387066666954
0.006549782333333217
0.00687409806666679
0.007300026266666867
0.0066951492666667885
0.006712382200000041
0.006733602066666459
0.006738671066666532
0.0068552500000000315
0.006925001666666475
0.006903676733333104
0.0069353666000000185
0.0069628430666664794
0.007257960800000162
0.007059344399999882
0.007170818800000352
0.007156409933333426
0.007241814266666916
0.007277952599999912
0.0072284485999998555
0.007330579599999846
0.007536336066666868
0.007449908800000316
0.007494080266666714
0.007585571600000425
0.0076779789333334255
0.007625562066666921
0.0077258011333332394
0.007735810466667203
0.007680304533333053
0.007800867800000096
0.007898861266666302
0.007947713866666579
0.007910952000000767
0.007981070533333915
0.008016256200000526
0.00805594226666623
0.008068956533332994
0.008183432600000392
0.008316536333333128
0.008262935599999821
0.008290292333332398
0.008297793599999418
0.008437448600000152
0.00865499886666612
0.008443473466666518
0.008505216666666844
0.008622397466666598
0.008694086999999703
0.008684979266666441
0.008673148333333103
0.008805653733333448
0.008832175266666317
0.008906085200000292
0.009135921199999805
0.008991501200000347
0.009106573399999717
0.009074600199999831
0.009151994000000486
0.009267791333333738
0.009297394733333656
0.00935627266666638
0.009332424133333935
0.009385540000000721
0.009392562666666512
0.009473984133333838
0.00956638879999924
0.009565978666666553
0.00979108673333305
0.009696581666666997
0.009843679266666072
0.009941801599999895
0.009893969599999981
0.009820664866666344
0.0101051561333333
0.010061530399999914
0.010073298533333268
0.010056919533333304
0.01032547986666709
0.010297655133333687
0.01017800380000035
0.010279887266666777
0.010499925933332576
0.010414305133333811
0.01045666733333377
0.010603044266666235
0.010606249533334259
0.010661003266666805
0.0107029607333331
0.010716460133333309
0.010800391733333232
0.010861368866666509
0.010941860599999843
0.010919010866666667
0.011201734466667309
0.011111698199999628
0.011138478666666412
0.011196661000000082
0.015009015200000182
0.013591412999999618
0.013344902933333458
0.015945988066666434
0.01184508493333259
0.013961225866666638
0.012452334600000607
0.011919395066666045
0.011956559000000056
0.014415385599999553
0.012680536733333506
0.01206845833333361
0.012461213933333208
0.013594237066667129
0.015464724133332908
0.012582587066667135
0.012647002533332834
0.012429735666666157
0.012766153600000033
0.014456599799999737
0.012815332133332665
0.013112053066666362
0.015248884333333497
0.013187365933333695
0.013098070866666707
0.01468327793333349
0.014490856266666914
0.01305906759999876
0.013135674400000614
0.014851240533333983
0.014090250266665787
0.01394470760000009
0.01658315533333242
0.013601253066666649
0.016258566199998842
0.013871503800000557
0.01343448699999925
0.013589589733334151
0.01370991633333271
0.013863933066666808
0.01372861086666622
0.013693650800000038
0.013758802000000021
0.013933537666665548
0.014125602466666009
0.014267199000000612
0.014165071999999175
0.014291497933333612
0.014238167466667069
0.01414798433333336
0.014309907066665536
0.014374577200000734
0.014492548333332895
0.014469213199999824
0.014659331666667203
0.014830286466667057
0.014767678133334053
0.014895480400001304
0.014761565066666074
0.01497107353333386
0.014889803266666017
0.015149465466665409
0.015516071266667097
0.015217535999999162
0.015298548533333189
0.017201596066665558
0.015800519866666227
0.015584677466666126
0.015592560733332542
0.015500342933332927
0.015738223000000082
0.015793788266667264
0.015872981199999005
0.015723450066667036
0.016014581933333716
0.01590811393333382
0.016181758066667367
0.01612039213333342
0.016217246266667
0.016473737466666687
0.01634278880000011
0.01616653273333431
0.016364455666666798
0.016416296866668272
0.01649386140000123
0.016481878533331933
0.016518207333332667
0.016651886133333467
0.016754007333333713
0.016705290866666663
0.016849191466667433
0.01707627426666581
0.016971499666667476
0.017035154800000403
0.01718169120000018
0.01738441366666687
0.017533415000000236
0.017461441800000442
0.01788083460000062
0.017579319533334116
0.01767043646666811
0.017735367466666218
0.017813964200000025
0.01799012539999912
0.017807202399999746
0.018135825199999546
0.018054889266667356
0.018112294799999044
0.018180968400000098
0.0182870754000002
0.01826539513333311
0.018494056000000113
0.01854306760000147
0.018570383466666365
0.018715833399999344
0.018759624933332476
0.01872649526666521
0.020639487866666664
0.019964306466666432
0.01899925273333404
0.0195792898666672
0.01908588706666734
0.019148130200000443
0.019307084133333773
0.01935313899999945
0.019632228133333266
0.01945671820000001
0.019811866133332974
0.019634469533333743
0.019727304333333487
0.019650151800000515
0.020023939400000284
0.02033219813333318
0.019931513866668145
0.020072754466666252
0.020328664133333046
0.02025027740000051
0.020432265800000002
0.020725881266665643
0.020647160466666512
0.020921522733332646
0.020747373666666156
0.020864332999999156
0.020827275466666607
0.0209875335333327
0.020941133133334233
0.021717710733333697
0.02165328406666589
0.021134214533333306
0.021354479000000027
0.02151224933333206
0.021425651600000605
0.02161946546666703
0.021588329333334856
0.02157437006666688
0.02200015239999781
0.022037094933333872
0.02192786533333333
0.022203003466666853
0.021939256533330346
0.022497626800000604
0.022132842399999693
0.022409035399999767
0.02259964726666226
0.022831555133331943
0.022500923066667157
0.02270367693333431
0.02315424200000109
0.023034644599999866
0.02288979546666686
0.02382465813333378
0.023009294666666354
0.02463534579999873
0.023475488866665728
0.023772544066666037
0.023647898599999925
0.02350549466666602
0.023590520333333604
0.023797464599998836
0.024584701133332488
0.023872024466665684
0.024134813666666824
0.024348796666668213
0.024023998266665104
