0 6.892999999993932e-07
1 7.068999999991499e-07
2 1.6374000000006494e-06
3 2.2034999999982765e-06
4 3.1362000000013935e-06
5 4.036199999999518e-06
6 5.117400000000799e-06
7 6.2672000000006665e-06
8 7.456299999999971e-06
9 8.737799999999906e-06
10 1.0170500000000749e-05
11 1.1768200000001477e-05
12 1.3424800000000348e-05
13 1.50220999999999e-05
14 1.6697999999998325e-05
15 1.8503799999999154e-05
16 2.026500000000056e-05
17 2.227100000000079e-05
18 2.4327500000000807e-05
19 2.6371199999999928e-05
20 2.8486499999999525e-05
21 3.066490000000061e-05
22 3.3156199999998665e-05
23 3.5560599999999444e-05
24 3.8070700000000096e-05
25 3.660529999999981e-05
26 3.942750000000203e-05
27 4.170739999999895e-05
28 4.425649999999989e-05
29 4.7015899999999083e-05
30 4.914499999999905e-05
31 5.2620999999999915e-05
32 6.250550000000132e-05
33 5.858379999999913e-05
34 6.0706299999997715e-05
35 6.366109999999814e-05
36 9.50262999999979e-05
37 0.00010747009999999696
38 7.451500000000278e-05
39 7.531800000000061e-05
40 7.898959999999844e-05
41 8.196529999999897e-05
42 8.60359000000005e-05
43 9.001609999999965e-05
44 9.364980000000079e-05
45 9.384190000000237e-05
46 9.763080000000229e-05
47 9.84976999999998e-05
48 0.00010154939999999917
49 0.00011373709999999982
50 0.00012276140000000159
51 0.00011305739999999953
52 0.0001169179999999992
53 0.00012316049999999413
54 0.00012507010000000068
55 0.00014541949999999777
56 0.00013517249999999982
57 0.000164576000000001
58 0.00014569840000000362
59 0.00015096450000000178
60 0.00015074440000000105
61 0.000156147299999998
62 0.00018008050000000025
63 0.0001668770000000014
64 0.00018315830000000254
65 0.00018647680000000028
66 0.0002034789000000009
67 0.0001875121000000035
68 0.000191745900000001
69 0.0001981349999999965
70 0.00020218089999999856
71 0.00021293680000000065
72 0.00021431079999999908
73 0.00021948670000000308
74 0.00023221660000000006
75 0.00023377819999999828
76 0.00023628549999999971
77 0.0002462710000000007
78 0.0002469249000000062
79 0.0002533876000000018
80 0.0002599367999999991
81 0.0002665825999999982
82 0.00027985159999999453
83 0.0003061039999999987
84 0.00028782039999999677
85 0.0002962332000000012
86 0.00029976250000000035
87 0.0003115193999999988
88 0.0003134819000000039
89 0.00033753190000000434
90 0.0003434719000000003
91 0.0003371874999999969
92 0.00035785150000000045
93 0.0003589026999999967
94 0.00035634069999999907
95 0.0003707067000000036
96 0.00036823260000000136
97 0.00037772539999999524
98 0.0003878910000000041
99 0.0003903249999999997
100 0.00040250300000000403
101 0.000411816399999998
102 0.00042216270000000334
103 0.0004247960999999967
104 0.00045131940000000257
105 0.00044339059999999874
106 0.0004568784000000076
107 0.00045227850000000014
108 0.0004763830999999968
109 0.00048796980000000433
110 0.0004760085000000136
111 0.0005025127999999934
112 0.0005466862000000072
113 0.000507507299999993
114 0.000512438300000001
115 0.0005280064999999945
116 0.0005341594000000005
117 0.0005383433999999965
118 0.0005440364999999891
119 0.0005517131000000008
120 0.0005713168999999963
121 0.0005721682999999978
122 0.0006150716999999917
123 0.0006588020000000083
124 0.0006793271000000046
125 0.0006430217999999932
126 0.0006525129999999935
127 0.0006320794999999935
128 0.0006873931999999916
129 0.0006586199999999987
130 0.0006628772999999922
131 0.0006714100000000001
132 0.0006871128000000059
133 0.0007213798000000049
134 0.0006901629999999992
135 0.0007387463999999955
136 0.0007252353000000045
137 0.0007662896999999947
138 0.0007333259000000036
139 0.0007433454000000062
140 0.0008195316999999924
141 0.0007814159000000042
142 0.0007891452999999992
143 0.0007928702000000009
144 0.0008026728000000094
145 0.0008460752000000072
146 0.0008161847999999972
147 0.0008792297000000005
148 0.0008250115000000169
149 0.0008668600999999887
150 0.0008571418999999802
151 0.0008715912999999964
152 0.0008982519000000022
153 0.0008947125999999916
154 0.0009004477000000178
155 0.0009351629999999944
156 0.0009321391999999928
157 0.000935522199999983
158 0.0009753546999999863
159 0.0009553029999999962
160 0.000983690199999998
161 0.0009969330000000332
162 0.0010022976999999988
163 0.0010098279000000042
164 0.0010160561000000178
165 0.0010682797999999826
166 0.0010546878000000093
167 0.001044665999999994
168 0.001106451400000008
169 0.001075614799999991
170 0.001100487399999972
171 0.0011074488999999964
172 0.0011273149000000093
173 0.0011188716999999903
174 0.0011361353999999936
175 0.0011647824999999723
176 0.0011607425999999865
177 0.0012076128000000018
178 0.001198623600000015
179 0.0012172833000000049
180 0.0012282702000000368
181 0.001232483399999995
182 0.0012472087000000131
183 0.001272724199999986
184 0.0012496120999999972
185 0.0013229144999999942
186 0.0012921912000000036
187 0.001314851600000011
188 0.0013314899000000046
189 0.0013421510000000136
190 0.001349504300000004
191 0.0013691427000000033
192 0.0014050326999999752
193 0.0013778349000000522
194 0.001571425300000029
195 0.001433341900000018
196 0.0015388585999999815
197 0.0014911797000000337
198 0.0014587289000000281
199 0.0015173266999999769
200 0.001484783600000017
201 0.0015285754999999845
202 0.0015110183000000444
203 0.001581255299999973
204 0.0015449693999999737
205 0.001566581800000022
206 0.0015606695000000004
207 0.0016573453999999765
208 0.0016504879000000638
209 0.0017509828000000338
210 0.001636571300000056
211 0.0016734363000000085
212 0.0016698961000000568
213 0.0016801854000000117
214 0.0017019464000000094
215 0.0017202782000000695
216 0.001730030000000027
217 0.001767735000000026
218 0.0017355879000000352
219 0.001757649799999994
220 0.0017593736000000026
221 0.0018206293999999622
222 0.001854782200000038
223 0.001812276500000065
224 0.001865456700000001
225 0.0018790389999999713
226 0.0019228334999999985
227 0.001899618199999975
228 0.0019240626999999621
229 0.001924877199999986
230 0.001916272199999991
231 0.0019795834999999816
232 0.0019799268000000093
233 0.0020139999999999824
234 0.0020051547999999863
235 0.00202261239999999
236 0.002037740000000032
237 0.002038977499999972
238 0.0020691493999999587
239 0.0020799092999999936
240 0.0020845040000000204
241 0.002113248700000003
242 0.002162153099999964
243 0.00213371690000006
244 0.0021840894999999748
245 0.0021877571999999955
246 0.0023348606000000104
247 0.002363835999999919
248 0.0023451365000000113
249 0.0023745996999999797
250 0.0023953978999999405
251 0.0024272039999999606
252 0.0024096128999999246
253 0.0025479790999999976
254 0.0024754669000000007
255 0.0024974264000000358
256 0.0024970524999999633
257 0.002577963999999966
258 0.00262204249999991
259 0.0025453697000000553
260 0.0025749016999999873
261 0.0025873545000000497
262 0.002605841600000103
263 0.0026671894999999333
264 0.0026450320999999557
265 0.0026537537000000722
266 0.0027021506000000526
267 0.002746460000000095
268 0.00275503610000003
269 0.0027766931000000384
270 0.0027545955999999983
271 0.0027672747000000884
272 0.002798827099999945
273 0.002864988400000046
274 0.002862933300000048
275 0.0028961555000000415
276 0.002896613200000031
277 0.0029528770000000204
278 0.0029253396000000096
279 0.0029687933999999585
280 0.003034469400000006
281 0.003016790200000008
282 0.0030326153000000745
283 0.0030063449000000465
284 0.003060799399999947
285 0.003059553999999931
286 0.0030797094999999606
287 0.0031190454999999507
288 0.0031817633999999817
289 0.003149463500000005
290 0.003158481400000035
291 0.003312914900000008
292 0.0032626830999999525
293 0.003240562600000008
294 0.0032449902000001086
295 0.0036554148000000454
296 0.003423201700000078
297 0.0033607415999999724
298 0.0034334301000000346
299 0.003436613700000013
300 0.003526782399999995
301 0.003407735500000042
302 0.0034666602000001045
303 0.0035043887000000052
304 0.0036288066000000007
305 0.004116949299999994
306 0.003560783399999945
307 0.003592627900000034
308 0.0035644781000000237
309 0.0036552251999999895
310 0.0037641464999999654
311 0.003637166100000133
312 0.003669839199999947
313 0.0038689687999998944
314 0.0036767091999999834
315 0.0037110370000000615
316 0.00371535759999988
317 0.004643366100000002
318 0.004587930200000212
319 0.0038652254999999693
320 0.003843986199999971
321 0.003872463299999751
322 0.003922353599999972
323 0.003997625400000082
324 0.003928284299999696
325 0.0039836860000000305
326 0.003955359000000147
327 0.003968955300000232
328 0.003954634500000065
329 0.004017922499999926
330 0.004080701799999975
331 0.00408013829999998
332 0.004150475600000014
333 0.00408298269999996
334 0.0041560400000002495
335 0.00432788430000004
336 0.0043738574999999
337 0.004239093999999976
338 0.004191627599999759
339 0.004291905399999951
340 0.0042627527999998804
341 0.004440090499999894
342 0.004419074899999931
343 0.00439377849999989
344 0.004351279599999902
345 0.004606674799999944
346 0.0046087609999998945
347 0.004530978200000124
348 0.004569987699999967
349 0.004527443300000033
350 0.004988337899999884
351 0.0047120996000000305
352 0.004623981400000065
353 0.004625580400000118
354 0.004556766700000292
355 0.004675965000000115
356 0.004753087200000028
357 0.004700575100000037
358 0.004716355000000139
359 0.004799467700000015
360 0.004831249800000137
361 0.004855482299999991
362 0.004859422300000027
363 0.004849446900000043
364 0.0049722045000000215
365 0.005032979400000049
366 0.005024094299999948
367 0.004932109899999926
368 0.00491033759999997
369 0.004988970299999807
370 0.005213928899999854
371 0.005237617900000035
372 0.00531709919999992
373 0.005569291499999985
374 0.005189600599999978
375 0.005212535399999929
376 0.005126793399999841
377 0.005298403899999915
378 0.0052169604000001256
379 0.005263604200000049
380 0.005310199300000118
381 0.00528471460000004
382 0.005368991199999939
383 0.005545711100000084
384 0.005382795400000262
385 0.005476464400000136
386 0.005499116200000121
387 0.005446065199999861
388 0.005492673399999948
389 0.005588646700000144
390 0.005527924099999915
391 0.005767791200000083
392 0.005692475199999958
393 0.005719170600000023
394 0.005635145199999858
395 0.00573068999999995
396 0.005704622000000192
397 0.005740811899999976
398 0.0059574209999999185
399 0.005785934500000245
400 0.006078390200000072
401 0.005971162299999833
402 0.005840557799999857
403 0.005996351099999941
404 0.005913989199999925
405 0.006073896600000239
406 0.006068528399999984
407 0.005993951500000349
408 0.006126320500000127
409 0.006210872000000122
410 0.0060729124999998165
411 0.006152281500000356
412 0.006128470500000205
413 0.006186445700000221
414 0.006193339100000017
415 0.006250478099999767
416 0.006248781300000239
417 0.0066008505000001
418 0.006328735199999791
419 0.0063618199000002205
420 0.006346965900000256
421 0.006515137600000109
422 0.006556708899999641
423 0.006555453599999872
424 0.006676081700000047
425 0.006707457000000261
426 0.00658813339999984
427 0.006722526799999962
428 0.006699194599999814
429 0.00694967410000018
430 0.006749230299999987
431 0.006785448999999666
432 0.0068923819000001885
433 0.006931158999999987
434 0.006842799299999669
435 0.006992448699999976
436 0.006954146099999825
437 0.006929683999999802
438 0.0069648079999998554
439 0.007038031600000316
440 0.007034837700000018
441 0.007144041599999973
442 0.007131650100000187
443 0.007147206900000036
444 0.007049856400000287
445 0.007197219499999896
446 0.007383191999999994
447 0.007194744199999725
448 0.0072176001999999075
449 0.007281678500000055
450 0.007456047600000027
451 0.007447021799999653
452 0.007383101400000136
453 0.007432421499999719
454 0.007424173300000447
455 0.007505419199999785
456 0.007461308900000319
457 0.007589944200000254
458 0.007577114200000068
459 0.007566159799999639
460 0.007694578400000119
461 0.007599623400000333
462 0.007599094000000051
463 0.0077798215999994366
464 0.007642745600000289
465 0.007693640600000151
466 0.007889701799999926
467 0.0078043670999997875
468 0.007820282499999998
469 0.007942191799999599
470 0.00796872999999998
471 0.00799024339999992
472 0.008188714800000163
473 0.008004289399999998
474 0.008082103199999403
475 0.008138596700000455
476 0.008097544900000742
477 0.008159992300000063
478 0.00821125790000039
479 0.008291159200000031
480 0.008370475299999925
481 0.008349433299999908
482 0.008399656000000278
483 0.008428458799999738
484 0.00854029010000037
485 0.008480234300000156
486 0.008569503400000044
487 0.008513132599999907
488 0.00862327500000024
489 0.008610137800000217
490 0.008680967099999926
491 0.00860699700000005
492 0.008652009800000115
493 0.008646337600000109
494 0.0090195287000002
495 0.008834569700000294
496 0.009165142399999836
497 0.00889885779999986
498 0.00892552849999948
499 0.008901867199999991
500 0.009102030299999874
501 0.009068233699999872
502 0.00905054750000005
503 0.009292190600000083
504 0.009123738400000114
505 0.00905069179999991
506 0.009062768200000449
507 0.009271555499999806
508 0.009225950399999761
509 0.009380150199999803
510 0.009367445300000554
511 0.009335068700000093
512 0.0094967295
513 0.009433243599999485
514 0.009423432399999853
515 0.009482538799999319
516 0.009506984900000858
517 0.010004084799999901
518 0.00959419249999982
519 0.009862077999999741
520 0.009729014499999878
521 0.0096668513000008
522 0.00986274340000044
523 0.009799927700000311
524 0.009834610900000129
525 0.010048436900000369
526 0.010028649800000266
527 0.010227553999999727
528 0.009992785100000744
529 0.01012427000000109
530 0.010030925300000248
531 0.010150909600000447
532 0.010282608500000734
533 0.010058797699999289
534 0.010054406300000096
535 0.01012582430000002
536 0.010418155700000398
537 0.010209896100000648
538 0.010268051199999916
539 0.01045029369999959
540 0.010431965600000126
541 0.010565733799999677
542 0.010541590000000055
543 0.01053887709999941
544 0.010493812199999652
545 0.010644752599999663
546 0.010585863000000372
547 0.010809835899999953
548 0.01058227719999998
549 0.010571994900000093
550 0.01063215820000032
551 0.010760875799999426
552 0.010753012699999686
553 0.010843949900000639
554 0.010973085300000207
555 0.010938327600000264
556 0.011329736899999786
557 0.010884969800000022
558 0.011149425199999997
559 0.010999708100000305
560 0.011175257699999719
561 0.011199608499999769
562 0.011304703500000101
563 0.011201870999999742
564 0.011246994000000399
565 0.011414473299999983
566 0.01133414449999961
567 0.011346034700000018
568 0.011423325100000525
569 0.011644537600000148
570 0.011621287799999536
571 0.01161733209999909
572 0.011536628299999662
573 0.011906883700000037
574 0.011726235299999388
575 0.011732496499999457
576 0.011945027199999814
577 0.011844482300000436
578 0.011727878000000302
579 0.011878947200000312
580 0.011840573100000284
581 0.011903101399999727
582 0.0121211406999997
583 0.011993025499999633
584 0.012223090600000219
585 0.012214443399999908
586 0.01235183110000051
587 0.012236727000000513
588 0.012203145300000528
589 0.012334829699999971
590 0.012654747799999911
591 0.012903959899999507
592 0.012639920099999813
593 0.012464096700000482
594 0.012484999200000147
595 0.012531132500000552
596 0.013227593600000276
597 0.012657595400000688
598 0.013005373800000086
599 0.012828263099999404
600 0.012893416000000713
601 0.012965688799999597
602 0.012939902700000516
603 0.01302452040000084
604 0.013067760500000247
605 0.01360332900000003
606 0.013141628999999
607 0.013188955800000101
608 0.013228806999999421
609 0.013165365400000795
610 0.01320936309999965
611 0.013188774399999303
612 0.013336287999999641
613 0.013539420799999747
614 0.013551161799999888
615 0.013485932700000092
616 0.013426793100000011
617 0.013648828900000964
618 0.013930813899999705
619 0.013804642400000589
620 0.013998530699999989
621 0.013755729700000075
622 0.014021959900000169
623 0.013892092900000107
624 0.013831765899999482
625 0.013769740600000446
626 0.013820260700000375
627 0.014143638300000205
628 0.014078160300000775
629 0.01415797399999974
630 0.014213550199999859
631 0.014326481000000868
632 0.014314974799999547
633 0.014326070799999613
634 0.014708124199999872
635 0.01456871320000026
636 0.01452167010000025
637 0.014527778700000127
638 0.014333859700000317
639 0.014487395899999455
640 0.014525782899999484
641 0.014550609400001236
642 0.014671411700000192
643 0.014869808799998196
644 0.014824664999999015
645 0.014769866499999295
646 0.014842702300000354
647 0.015028466199999712
648 0.015489057799999983
649 0.015021406500000722
