2.7174999999851624e-07
2.1974999999743727e-07
7.083999999990543e-07
8.520499999983833e-07
1.991999999999966e-06
2.017350000000501e-06
2.4803000000003793e-06
2.8455500000010294e-06
2.7167500000001286e-06
2.9831000000007935e-06
3.626150000002326e-06
4.670150000000289e-06
5.2389499999999645e-06
4.37055000000186e-06
5.672750000002696e-06
6.671149999998294e-06
6.455799999999928e-06
6.640100000000065e-06
6.690699999999799e-06
7.939349999999679e-06
8.588199999998852e-06
9.14465000000156e-06
1.2782450000000528e-05
9.508899999999959e-06
1.1299400000001208e-05
1.0435600000000683e-05
1.258350000000255e-05
1.2927449999998453e-05
1.1986400000001812e-05
1.3450200000000161e-05
1.3363850000001898e-05
1.6172800000001374e-05
1.554229999999879e-05
1.5011450000001342e-05
1.7712149999998122e-05
1.616134999999977e-05
1.7717949999999233e-05
1.725829999999831e-05
1.8048700000000002e-05
1.8011000000000414e-05
2.1072449999998826e-05
2.1228149999999445e-05
2.2282900000000772e-05
2.491930000000156e-05
2.050859999999932e-05
2.969655000000099e-05
2.3914700000000898e-05
2.5098900000000703e-05
2.4993250000000105e-05
2.6372049999998094e-05
2.4632200000000716e-05
2.6178799999999198e-05
2.684464999999983e-05
2.5782599999998878e-05
2.8001300000000257e-05
2.7106699999999982e-05
3.025190000000011e-05
2.874140000000136e-05
3.299915000000153e-05
3.1305599999998517e-05
3.227585000000061e-05
3.334860000000009e-05
3.320815000000116e-05
3.397519999999848e-05
3.848530000000114e-05
3.763129999999962e-05
3.435200000000069e-05
3.93074499999986e-05
3.889249999999913e-05
3.946184999999852e-05
3.9075049999998805e-05
3.647239999999968e-05
3.9454199999998386e-05
3.9440649999999966e-05
4.152414999999965e-05
4.484309999999922e-05
4.13138999999986e-05
4.313985000000062e-05
4.328724999999936e-05
4.9172199999998614e-05
4.708679999999923e-05
4.555169999999886e-05
4.925429999999842e-05
5.2955399999998073e-05
4.665005000000083e-05
4.835704999999954e-05
4.869514999999852e-05
5.221790000000115e-05
5.190825000000107e-05
5.07541499999993e-05
5.094770000000082e-05
5.099140000000002e-05
5.091440000000169e-05
5.253489999999944e-05
5.6164700000002624e-05
5.552659999999987e-05
5.436360000000001e-05
5.4776700000000454e-05
5.696069999999998e-05
6.252259999999926e-05
6.300639999999996e-05
6.116309999999736e-05
5.8501700000002097e-05
6.133084999999927e-05
6.214914999999877e-05
6.175024999999917e-05
6.624825000000057e-05
6.312924999999913e-05
7.015729999999415e-05
6.722840000000507e-05
6.783625000000016e-05
6.777734999999785e-05
6.946359999999569e-05
6.779845000000201e-05
6.506065000000116e-05
7.382785000000225e-05
6.843044999999549e-05
7.380974999999373e-05
6.600080000000036e-05
6.904440000000123e-05
7.166164999999753e-05
7.233544999999952e-05
7.468730000000368e-05
8.007599999999837e-05
7.404614999999837e-05
7.281304999999932e-05
7.531905000000282e-05
7.740340000000345e-05
7.703875000000388e-05
8.411429999999747e-05
8.591669999999663e-05
8.515710000000232e-05
8.206379999999708e-05
7.951915000000003e-05
8.37786499999979e-05
8.79065500000012e-05
8.405865000000318e-05
8.389809999999747e-05
8.29430000000006e-05
8.441245000000153e-05
8.928660000000061e-05
8.412949999999919e-05
8.577505000000041e-05
9.553659999999992e-05
8.875615000000087e-05
9.447769999999938e-05
8.641329999999753e-05
9.429160000000158e-05
0.00010139680000000178
9.449379999999647e-05
9.178350000000335e-05
9.166240000000048e-05
9.987935000000115e-05
9.610584999999727e-05
8.987755000000181e-05
9.830204999999732e-05
9.826430000000191e-05
9.166854999999863e-05
0.00010202780000000133
9.449234999999584e-05
0.00010304214999999339
0.00010428630000000327
0.0001225738000000004
0.00011273680000000313
0.00010832200000000236
0.00011198215000000344
0.00010551674999999817
0.0001088365499999966
0.00010812385000000257
0.00010537890000000271
0.00010382905000000942
0.00010490985000000119
0.0001067516500000032
0.00010985574999999581
0.00010798039999999898
0.00011562130000001281
0.00011139524999999873
0.00011447860000000088
0.00014106675000000735
0.0001293415499999978
0.00011790854999999822
0.0001310703999999996
0.00011805225000000586
0.00011565540000000041
0.00011321599999999654
0.00011768885000000006
0.00012734850000000464
0.00013164605000000605
0.00014854550000000243
0.00016494369999999481
0.00015342445000000315
0.00014990504999999875
0.00012520210000000197
0.00012382124999999188
0.00012650224999999904
0.00013056015000000308
0.00012541400000000424
0.0001353427000000018
0.00012695585000000454
0.00012712340000000654
0.00014101105000000058
0.00014007104999999576
0.0001436430999999988
0.00014960004999999831
0.0001304565500000049
0.00013139830000000462
0.0001314883999999905
0.0001316364000000042
0.00013980195000000417
0.00015576545000000052
0.0001379052500000033
0.00014872145000000003
0.0001548701500000027
0.00015754040000000026
0.00015843080000000064
0.00015984240000000704
0.00013989969999999297
0.0001401401500000038
0.0001481940999999931
0.00015287449999999426
0.00015550735000000314
0.00015130630000000366
0.00014511614999999922
0.0001550005999999965
0.00017206095000001087
0.0001606458999999949
0.00015645720000000973
0.00014932265
0.000155162550000007
0.0001532749000000083
0.00015777454999999773
0.0001527539500000008
0.00016313339999999565
0.0001590666500000032
0.00016026290000001054
0.00016147405000000448
0.00016816105000000138
0.0001608072499999974
0.00016199529999999518
0.0001605880499999962
0.0001577119500000057
0.0001650054000000012
0.00017421059999999655
0.00018464839999999817
0.00016769375000000032
0.00016577350000000491
0.00017753964999999428
0.00017925965000000765
0.00016566075000000734
0.00016162140000000602
0.00016644100000000605
0.00017069310000000781
0.00017559915000002203
0.00017869434999998602
0.00017695799999999928
0.00017635005000000148
0.00017388074999998837
0.00017315065000000907
0.00018386260000000099
0.00018365994999999802
0.0001809213499999962
0.0001877804000000205
0.00018683010000000722
0.00018465945000001316
0.0001764453499999985
0.00019112640000001346
0.00017911780000000598
0.0001802153499999959
0.000201620550000009
0.00020284664999999368
0.0001831282500000142
0.0001882533500000061
0.00017851584999999947
0.00018467220000000227
0.00018871594999999018
0.00019529784999998688
0.00018123115000001633
0.00018272039999999156
0.00019458070000000216
0.0001994290999999926
0.00019688434999999837
0.0001894313999999897
0.00019632765000000553
0.00019844274999998303
0.00019476054999998383
0.0002034568999999986
0.00020881724999999852
0.00021132855000001173
0.00020114485000000682
0.00022621749999999775
0.00020388085000000444
0.00020677334999999464
0.00020453350000000924
0.0002058158000000032
0.00021620660000000734
0.00021626860000000802
0.00019913815000001666
0.00020615264999997995
0.00019737925000001266
0.00020551094999998187
0.00020308434999998792
0.00022906260000000734
0.00023057069999999347
0.00020521899999999537
0.00022483840000000476
0.00022516169999999835
0.00021484254999998287
0.00020889199999999387
0.00024334174999999237
0.00022615075000000928
0.00023608574999999798
0.00023470854999999013
0.0002206586000000066
0.00022336364999998027
0.00021175130000001264
0.0002219436500000005
0.000224532249999998
0.0002275503000000123
0.00022297679999998542
0.0002324013499999944
0.00023351294999999773
0.00022788040000000233
0.00025689425000000043
0.00022191844999999155
0.0002266491499999912
0.0002270922500000272
0.00022820235000000632
0.00022316930000000347
0.00023454004999998168
0.00022907824999999772
0.00023351904999998618
0.00024438504999999553
0.00022798800000000118
0.00027621379999999695
0.00022829715000001195
0.0002735688500000111
0.000256447999999998
0.00032014295000000194
0.0002507615500000115
0.00023898644999998943
0.0002464354500000099
0.00025010969999998965
0.00024617505000000816
0.00024883179999999895
0.00024854100000000213
0.0002561516999999958
0.0002489580000000102
0.00026243680000000434
0.0002737349500000097
0.00026730195000001513
0.00024013625000001703
0.00024158550000000779
0.0002575463999999972
0.0002531025499999895
0.00025031014999999377
0.00025265725000002127
0.000267960399999978
0.00027322105000001653
0.00024970540000001095
0.0002611660500000057
0.0002765029999999946
0.00026281655000001127
0.0002655987999999776
0.00025356610000001336
0.0002545551999999951
0.00027705444999994724
0.0002573156999999826
0.0002955119999999978
0.0002894070499999568
0.0002794250499999817
0.0002841072500000208
0.0002602399500000074
0.00028136840000000387
0.0002879307000000053
0.00027554319999996136
0.0002669765000000157
0.00026955060000002364
0.0002649288500000013
0.0002941068499999755
0.0002782053499999937
0.00028865420000004913
0.00029435420000002434
0.0002780458000000041
0.0002739573500000092
0.00030039415000000514
0.00029234315000000735
0.0002802575500000182
0.00028990560000003996
0.00027460045000000656
0.0003022306000000197
0.00030058540000000856
0.00028083534999997497
0.00030814515000000543
0.00028954015000000056
0.0003386402499999552
0.00034701539999997254
0.00031605640000001987
0.00032623019999999947
0.0003206947999999987
0.0003079976500000248
0.0002996907500000034
0.00028765634999998734
0.00030359915000000015
0.00029704630000001455
0.00030014394999998694
0.0003008346000000106
0.0003044019500000328
0.0003071294000000058
0.00030110355000001476
0.0003189794499999676
0.00030699134999999654
0.00030439850000000266
0.00031592675000003957
0.0003233642499999911
0.00032213405000001136
0.00032430910000001977
0.00031487545000000725
0.00031922564999998794
0.0003109521500000323
0.00032378055000000796
0.00032527404999997954
0.00031637124999999154
0.0003853602499999553
0.0003329083499999608
0.00033812600000000527
0.0003138801499999566
0.00038767200000003885
0.0003323395499999826
0.00033350670000003023
0.0003511410499999923
0.0003472865500000144
0.00039249855000004217
0.000313128450000022
0.0003468384999999907
0.0003612648500000093
0.00032696839999997175
0.00034350750000002874
0.00035087615000000126
0.0003530996000000397
0.00035562265000000927
0.00033707910000000394
0.00033917909999998664
0.00033500794999999914
0.00033827535000001684
0.00037719050000000197
0.0003440488000000075
0.0003557199999999816
0.0003307236499999755
0.00034988900000001435
0.0003838051999999981
0.0003310329000000167
0.00034174520000003207
0.0003522364499999542
0.00033243174999997294
0.00034782024999996386
0.00034218695000003406
0.0003694863499999701
0.00036588514999998936
0.00035214135000000146
0.0003671322500000462
0.0003694853999999914
0.0003474893499999632
0.000366789150000002
0.0003441250499999882
0.0003444419499999962
0.000341560250000017
0.00035663655000001127
0.0003590868999999941
0.00034946380000003827
0.00037107744999997916
0.0003479836000000125
0.00037714595000000185
0.0003604565500000212
0.0003539677499999727
0.000357633749999986
0.0003751456000000375
0.000376335949999973
0.0003602505999999783
0.0003632385000000071
0.0003788820000000137
0.0003735396499999877
0.00039386484999998084
0.00035097659999998586
0.00037851945000002554
0.0004340185999999635
0.0004036293999999718
0.0003837999500000078
0.0003853548999999901
0.00038724380000000337
0.00037733149999998885
0.00036437609999999675
0.00043035164999998264
0.00039350105000003356
0.0003825368999999967
0.0003800908000000103
0.0004076592499999476
0.0004250722000000096
0.0004147002999999483
0.0004277652499999673
0.0003932409499999512
0.0004234272499999525
0.0004068433499999413
0.0004141559000000017
0.00039312785000003017
0.000392410249999986
0.00038703554999999226
0.0003948619500000028
0.0004007469000000041
0.0004142312999999787
0.00039156560000002115
0.0004072629000000605
0.0004062553999999441
0.00038967310000004307
0.0003942058000000248
0.00041062890000000964
0.00039876645000000985
0.00039199914999998864
0.0003925599000000224
0.00039785769999995947
0.00041158590000005545
0.0004020108499999786
0.00039512925000004804
0.0003978889999999291
0.00040646600000000533
0.0004247040999999285
0.00039339304999996827
0.00040640169999999197
0.00040678895000001436
0.00047792084999997986
0.00040157844999995086
0.0004261778500000091
0.00037910035000001676
0.00043799244999995766
0.0004125212499999753
0.0004227278000000778
0.000443127249999975
0.00042582590000002086
0.00042328785000000924
0.00041385600000007903
0.0004494135500000551
0.0004229990000000017
0.0004932819500000019
0.00043154630000010743
0.0005397238000000026
0.00045970090000000405
0.0004201077499999872
0.00046007284999998176
0.0004345281499999576
0.0004465972500000026
0.000468812350000003
0.00043001065000001224
0.000497991600000014
0.00043739444999999486
0.0004586292999999797
0.00047324659999996576
0.0004272065499999478
0.00041319995000006494
0.0004295530999999242
0.00048733919999996986
0.0004263246500000095
0.00042870384999997845
0.0004316256999999268
0.0004605948500000512
0.00045928470000005105
0.0004368023999999471
0.000448865650000041
0.0004655341500000354
0.0004324700000000181
0.00045686370000002085
0.0004407406000000114
0.00044821910000003573
0.00044831215000000756
0.0004697771000000017
0.0004578186000000706
0.00046111829999997413
0.0004752017499999761
0.0004673934999999352
0.00043894590000002063
0.0004652732999999465
0.00045933874999997125
0.00047386389999994896
0.0004668387499999982
0.00047363234999993066
0.00045898364999996666
0.00044561145000008293
0.0004646583499999801
0.0004917847500000239
0.00047133350000003735
0.0004862257499999911
0.00048680054999998833
0.000488317399999949
0.0004889370999999531
0.0004966796499999759
0.00047339789999998325
0.0004620596500000129
0.0004877681000001077
0.0006127873499999659
0.0005092124499999739
0.0005317329000000149
0.00046014005000007965
0.0004862389499999065
0.0005020543000000321
0.00048628354999999954
0.0005350137500000241
0.00045457809999998043
0.0004901169999999899
0.0005048237500000941
0.000491071799999987
0.0005160663500000329
0.000495306399999973
0.0005055781500000079
0.0005207566499999316
0.0005116364499999859
0.0004691250499999855
0.0004976192500000698
0.0004914126999999935
0.0004839064000000226
0.0005398011999999897
0.0005048904499999729
0.0004986299999999666
0.0005142938500000804
0.0005077497499999861
0.0004844087500000205
0.0005054219999999666
0.0005285783499999752
0.0004894238999999967
0.0004836833499999527
0.000532328799999937
0.0004900480499999249
0.0004922172000000336
0.0005395053500000024
0.0005079935500000188
0.0005001751000000221
0.0005365268999999673
0.0005057507000000294
0.0005030865499999759
0.0005619702499999546
0.0004983942000000186
0.0005291824000000167
0.0005351885000000056
0.0005062320999999371
0.0005160589499999757
0.0005633260000000417
0.0005314379500000355
0.0005156967499999832
0.0005120846000000289
0.0005578717500000607
0.0004971832500000106
0.0005142950499999799
0.0005266677000000275
0.0004835799999999946
0.0005196762999999827
0.0005229676500001057
0.0005888427499999959
0.0005073843000000134
0.000526656499999989
0.0005235851000000791
0.0004946162000000643
0.0005579582000000638
0.000529668300000008
0.000530434349999953
0.0005230091000000048
0.0005200312000000151
0.000526285199999954
0.000543457600000008
0.0005179783500000257
0.0005402174999999731
0.0005223056500000212
0.0005499348000000071
0.0005289588000000123
0.0005613587000000031
0.0005353820999999925
0.0005628913000000236
0.0006009836999999907
0.0006828933500000467
0.0006008095999999741
0.0005216690500000176
0.000525849950000068
0.0005372477000000098
0.0005600290000000064
0.0005448388500000068
0.0005633543500000338
0.0006000738999999867
0.000536802950000026
0.0005588058999999257
0.0005671428499999908
0.0005545051500000176
0.000567271349999987
0.0005526914999999688
0.0005652538499999916
0.000580400499999989
0.0005330863500000449
0.0005643787000000789
0.0005769381000000351
0.0005349174500001829
0.0006045440500000776
0.0005728724500001725
0.0005798003999998968
0.0005433572500000317
0.000582757700000025
0.000558503650000075
0.0006048296499999051
0.0005618335999999057
0.0005740158000000939
0.0005726258999999345
0.000539829100000011
0.0005849022500000079
0.0005910594999999575
0.000559723099999987
0.0005927301500000759
0.0005987355000001138
0.0005680954500000724
0.0005766000499999091
0.0005595456500000484
0.0006035162499998581
0.0005902223499999693
0.0005821224500000444
0.0005639061500000153
0.0005902287500000103
0.0005589297500000256
0.0005768272000000518
0.0005813117500000243
0.0005638302499999526
0.0006381045999999113
0.0006335242499999171
0.0005791127999999369
0.0005968002000000805
0.000578046399999943
0.0005779467500000024
0.0006046153999999416
0.0006062223000000699
0.0006090270000000952
0.0005709195000000111
0.0005900034000000165
0.0006153183999998202
0.0005922661499999649
0.000630921800000106
0.0006437778499998714
0.000607127399999996
0.000607103400000053
0.0006415509499999583
0.0005758448500000401
0.0006485777500001344
0.0006084868999999493
0.0006050107000000083
0.0006134025999998905
0.0006002609500000755
0.0006325978000001342
0.0006137450999999849
0.0006178302000000802
0.0006234100500001283
0.0006315638499999387
0.0006742500500001025
0.0005978774499999951
0.000611778550000075
0.0006056401000001266
0.0006397355499999869
0.000683674900000053
0.0006387148500000883
0.0006253534000000727
0.0006514207500000868
0.0006270467499999377
0.0006268704499999167
0.0006441912000000549
0.0006347927499999351
0.0006286224999999757
0.0006293182000001174
0.0006185883500001044
0.0006426380499999773
0.000751606749999878
0.0006407305999999835
0.0006463619499999851
0.0006796115500000699
0.0006323533999999409
0.0006612076500001063
0.0006644118999998838
0.0006455203500000728
0.0006242590499999867
0.0006643570000000043
0.0006423150000000266
0.0006666416500000771
0.0006226618500001724
0.0006416675499999691
0.0006753283999997972
0.0006313124999999253
0.0006595054500001307
0.0006531508999999325
0.0006367975500000345
0.0006772820000000123
0.0006439058999999858
0.0006807073999999691
0.0006244434000000521
0.0006180449000000365
0.0006559304000000044
0.0006424159499999416
0.0006494321499998623
0.0006355649000000518
0.0006353873499999718
0.0006975784500000248
0.0006457564499998903
0.0007102297000000756
0.0006265499500001326
0.0007375909500000777
0.00065783189999995
0.00066935835000006
0.0006684384499999307
0.0006740947999999581
0.0006671021500001207
0.0006784415999999905
0.0007463246500000853
0.0006853091500000463
0.0006438881499999827
0.0006717243500001136
0.0006591634499999888
0.0006722285500000424
0.0006668777999998988
0.000669703350000006
0.0007162957499998512
0.0006487057500000227
0.0007012112500001777
0.0006681505000001309
0.0006558253999998431
0.0006813275500000771
0.0006725100499999747
0.0006986482499999446
0.0007074478999999911
0.0007177263499999143
0.0006729746000000425
0.0006847337500000883
0.0006942913999998801
0.0006957420499998257
0.0006976799500001185
0.0006836367500000051
0.0006652649500001218
0.0006892702999997891
0.000709856649999896
0.0006969794999998946
0.0006792687499999506
0.0007336700000002416
0.0007182305500000208
0.0007060761499999124
0.000760068499999944
0.0007011095500000675
0.0007355990499999354
0.0006798407999999867
0.0007365252999998795
0.0006859036999999901
0.0006986828499999653
0.0007008029999999721
0.0007145940500000947
0.0006847236500000075
0.0006956128999999756
0.0007087815500000261
0.0006879362500000318
0.0007425998499999142
0.0007082061500002012
0.0007374077999998896
0.0007058298000000906
0.0007105041999998729
0.0007714501499999748
0.0007311588500001243
0.0007492326999999577
0.0006922807999999225
0.0007121782000000465
0.0006800266499999541
0.0008489902500001367
0.0007328660499998918
0.0007428127500000769
0.000756927949999886
0.0007544421500000009
0.0007689737000000196
0.0007345861499999717
0.0007267405999999532
0.000692109999999957
0.0007504112000001229
0.0007300767999999014
0.0007411527999999113
0.0007144799000000646
0.0007297814499999334
0.0007833309999999205
0.0007423333500001572
0.0007210660500000631
0.0007643646999999643
0.0007542248500000071
0.0007286205000000656
0.0007266449499998551
0.0007838369999999539
0.0007437127000000209
0.0006987269000000573
0.0007725973500000815
0.0007758127499999379
0.0007508002000001124
0.0007461789500001536
0.0007585921000000884
0.0007420759500000429
0.0007513737500000506
0.0008116814500000125
0.0008011465499997872
0.0007840937499998812
0.0007527674000001206
0.0007925426999999096
0.0007467770499999471
0.0009187044500000407
0.0007491845499999261
0.0007692376999998806
0.0007653676000000331
0.000747383250000011
0.0007560654999998917
0.0007418700000001444
0.0007621570999999605
0.0008076489500000062
0.0007626292999999062
0.0007608943999998008
0.0007670254999999848
0.000777240449999983
0.0007815670500000316
0.0008057934000001322
0.0008037214999999431
0.0007846056000000434
0.0007885235499999865
0.0008054651499998844
0.0007536092500001424
0.0008242831500000047
0.0007914578500001213
0.0007825943000001612
0.0008137253499999719
0.0007781931000000242
0.0007808940499999916
0.0008030403999998104
0.0008086966499997849
0.0007561385499999851
0.000766163499999939
0.0008061668999999494
0.0008247548499999979
0.0007796042500000322
0.0008094285500000354
0.0007756961999998869
0.0008126426499998729
0.0007471710999999547
0.0008190529499999321
0.0008112765000000355
0.0007904868499999829
0.000787020799999949
0.0008134082000000209
0.0007912099500001268
0.0008108008999999416
0.0007971631500000686
0.0007635657500000281
0.000848198850000026
0.0008067102500000534
0.0007575660500000137
0.0008299433999998662
0.0008235073999999897
0.0008286862500000325
0.0007730882000001049
0.000784655199999973
0.0007567849500000889
0.0008009759000000116
0.0008403907499999086
0.0008508855499999246
0.0007885501000000072
0.0008480765499999432
0.0008750838499999247
0.000981833900000062
0.0009839376000002175
0.0010831190499999365
0.0010880060500002564
0.0010039562500000266
0.0010078902000000057
0.0008927344499999989
0.0008825609999998818
0.0007984843499999172
0.0008137318999999366
0.0008153214000000908
0.0008125319499999506
0.0008397920499998435
0.0008247951999998726
0.0008127851499998507
0.0008402136000000837
0.0008489401000000285
0.0008328472000003195
0.0008981099999998854
0.0008230146000001604
0.0008574392499999916
0.0008809856999999255
0.0008509096000000049
0.0008917886999999069
0.0008483477000000405
0.0008559857500001656
0.0008791353500000376
0.000838486000000227
0.0008142523500002774
0.0008103913499999393
0.0009196959000001392
0.0008254443499998487
0.0008297664000000537
0.000827079250000029
0.0008273630000001475
0.0008139576500000523
0.0008330137000001514
