6.314000000007258e-07
3.771333333346671e-07
1.3280666666689219e-06
1.3178666666631886e-06
2.5947333333313042e-06
2.4516666666659265e-06
4.0612666666698756e-06
5.720333333329257e-06
6.96173333333272e-06
5.9383999999940155e-06
7.814866666661092e-06
9.417533333329804e-06
9.317800000000856e-06
1.0417800000002882e-05
1.1204266666662669e-05
1.092933333332972e-05
1.3683066666668001e-05
1.2754066666666638e-05
1.545613333333399e-05
1.5639866666659432e-05
1.5637466666668097e-05
2.1107866666664198e-05
1.9137133333333815e-05
2.1002000000001447e-05
2.453946666666207e-05
2.2296266666664104e-05
2.5416199999998373e-05
2.608046666667067e-05
2.7754400000003696e-05
2.726339999999753e-05
3.065353333333391e-05
3.5660666666670335e-05
3.256206666666742e-05
2.9127533333332214e-05
3.1002200000003936e-05
3.802973333333348e-05
3.354366666667441e-05
4.1893200000002e-05
5.020400000000184e-05
5.150419999999656e-05
4.528093333332854e-05
4.271993333333501e-05
4.260146666666594e-05
5.052913333332502e-05
4.6262600000002155e-05
4.852140000000486e-05
4.941073333334008e-05
4.8687933333335656e-05
4.949653333333378e-05
5.0034199999993145e-05
5.501239999999482e-05
5.605413333333494e-05
5.4359799999995996e-05
5.6108866666667216e-05
5.836433333333465e-05
5.59347999999941e-05
5.735319999999877e-05
5.9224399999994554e-05
6.986993333334043e-05
6.997419999999662e-05
6.917560000000064e-05
7.19775333333413e-05
6.417453333333878e-05
7.71818666666794e-05
6.821586666667286e-05
6.848100000000172e-05
8.345673333333876e-05
6.809199999999368e-05
7.540006666667173e-05
7.436373333333432e-05
7.459319999999861e-05
8.000120000000166e-05
8.462866666665292e-05
8.736626666666636e-05
8.551820000000469e-05
7.811280000000012e-05
8.548346666666558e-05
8.538800000000106e-05
8.872100000000272e-05
8.351560000000221e-05
8.892759999999204e-05
0.00010539546666666529
9.192299999999746e-05
9.355620000000379e-05
0.00011938340000000232
0.00010963026666666782
0.00011354993333333082
0.0001283605333333345
0.00012576699999999885
0.00011850553333333883
0.00010827113333334119
0.000127090999999994
0.0001259076666666618
0.00014294560000001067
0.00014139733333333736
0.00011829186666667546
0.00011413586666666105
0.00011675433333334651
0.0001237864666666681
0.00013285053333334334
0.00012102519999999858
0.00011765506666666277
0.00011345813333333288
0.0001390188666666625
0.0001352785333333421
0.0001177928666666587
0.00012391439999998773
0.00013516980000000863
0.0001455665999999948
0.00012245839999998806
0.00012596140000000015
0.00012656806666666947
0.00012676493333333057
0.0001405269999999977
0.00012790879999999838
0.00014167173333333726
0.0001786095333333256
0.00015965800000000325
0.00015833719999999534
0.00013822833333332712
0.00014789220000000676
0.00014227313333332973
0.00015222093333333204
0.00016957959999999532
0.0001958793999999912
0.00018310933333333482
0.0001660890666666711
0.00017064480000000454
0.00016199586666666433
0.00015163886666666644
0.0001574298666666733
0.00020101033333332907
0.0001697549333333326
0.0001560107999999949
0.00017346966666667018
0.00016161233333333118
0.00015645940000000118
0.00018138520000000232
0.00018119733333333833
0.00016398140000000542
0.00015726060000000505
0.0001710823333333278
0.00018948679999999384
0.00018450513333333104
0.00018372979999998763
0.00020707526666666754
0.00021894353333333413
0.00021568046666666416
0.0001891517333333296
0.00019920546666665946
0.0002188654000000049
0.00023211406666667395
0.00021745179999999771
0.00022095533333333546
0.00020304653333333238
0.00021267199999999153
0.0002280570666666648
0.00020014320000000252
0.00021716313333333125
0.00022002359999999664
0.00020966626666666006
0.0002130384666666559
0.00020449453333334737
0.00023177126666666935
0.00021685113333331786
0.0002238142000000017
0.00019957299999996773
0.0002312842666666685
0.00024218659999999392
0.00023144333333333656
0.00020735573333334755
0.00022932180000000043
0.0002551607999999946
0.00027394626666668034
0.0002462912000000002
0.00025175713333331164
0.00025929093333332265
0.0002402870000000057
0.0002615514000000078
0.0002256245333333092
0.0002180614666666599
0.000260233733333326
0.00024003626666668036
0.00023740540000001255
0.00022772786666667896
0.0002919898000000032
0.0002537994666666599
0.0002998697999999781
0.0002533802000000011
0.00027890659999999884
0.0002875267999999931
0.0002537670666667028
0.0002733230666666753
0.0002846525999999905
0.00025936853333331143
0.00023959980000000473
0.0002534625333333225
0.0002520931999999994
0.0002449410666666744
0.00025413660000000635
0.0002591974666666645
0.0002678605999999843
0.0002974278666666589
0.0002771763999999788
0.0003123491333333265
0.0002989720666666695
0.00029937893333333856
0.00029374300000003145
0.00028779620000001226
0.0002865077333333336
0.00030072666666665083
0.00027966546666665276
0.0002604676666666528
0.00026368726666664935
0.0002950692666666699
0.0002823351333333335
0.000287819666666674
0.00031830566666665543
0.0002998061999999931
0.0003540263999999812
0.00035871133333334655
0.0002978631333333389
0.00030170753333332484
0.00028624940000000857
0.00029668133333332256
0.0003035277333333382
0.0002912222666666612
0.00030627113333333195
0.00031649420000000225
0.00031239146666666904
0.0003903284666666599
0.00038453046666666604
0.0003516910000000021
0.00037198379999997164
0.00034201333333332417
0.0003144715999999918
0.0003230227999999909
0.0003028043333333323
0.000312773000000018
0.00031696246666667406
0.0002950922666666485
0.000320980800000011
0.000357373399999994
0.0004181383999999936
0.00036674166666665896
0.0003856541333333352
0.0003755438
0.0003681892666666779
0.000401203066666674
0.00037344286666667336
0.0003291222666666963
0.00035580666666668037
0.00038090066666666517
0.000366159399999999
0.00036686406666666855
0.00035751193333332466
0.00041215273333332635
0.0003973381333333285
0.00038236739999998696
0.0003468041999999875
0.000341852600000007
0.0003469414000000152
0.0003487357333333385
0.00038481380000000197
0.00036006626666666247
0.0004374225333333426
0.0004040968666666552
0.00047553079999998655
0.00041478326666664065
0.0003860938666666295
0.00041536520000001373
0.00037448939999999985
0.0003846264000000025
0.00040998000000002456
0.00044208866666668457
0.000440488533333383
0.0004237951333333415
0.00046757633333334897
0.0004288400666666951
0.0003925200666666869
0.0004421300666666757
0.00042046693333333
0.0003944675333333425
0.000435923133333338
0.0004213446666666639
0.0004474018000000098
0.00047364606666670345
0.0005076815333333151
0.0004472815333332806
0.000466272266666697
0.00042725866666666336
0.0004110342666666433
0.0004125694000000587
0.0004851740666666604
0.0004366749333333253
0.0004390561333333339
0.00040970673333333706
0.0004340116666666708
0.0005117512666666565
0.0004793198666666942
0.00047955146666668705
0.000463412000000026
0.0004484624666666548
0.0004408864666666605
0.00047732246666671864
0.00043170959999997056
0.00042097153333330674
0.0004545812000000075
0.0004786147333333268
0.0004942473999999623
0.00045868799999998857
0.00046653899999996956
0.00048294366666663536
0.0004449867333333154
0.00045836300000000975
0.0004670839333333306
0.00042952986666667435
0.0004674047333333616
0.00046417586666668654
0.0005121134666666786
0.0004903027999999902
0.00046953919999997615
0.0005682519333333265
0.0004887103333333679
0.0005068360666667123
0.0004911145333333256
0.00046123253333338885
0.00044217299999999384
0.0004590706666666833
0.0005011633333333431
0.0004924059999999859
0.000502444000000013
0.0005240075333333039
0.0005534380666666708
0.0004729449333333561
0.00045842566666668045
0.00046764293333329356
0.00046892779999998526
0.0005037120666666617
0.0005076149999999835
0.000568260399999998
0.0005561279333333502
0.0005455871333333177
0.0006367897333333723
0.0005480113333333758
0.0005275361333332877
0.0005528578000000135
0.000536701066666619
0.0004982096000000436
0.000551031266666661
0.0005521876666666999
0.0006005750666666494
0.0005507299999999956
0.0005920971333333617
0.0005729502666666312
0.0005947653333333432
0.0005383023333333329
0.0005571790000000002
0.0005059105999999739
0.0005964853333332817
0.0005525270666667007
0.0005544681333333449
0.0006462242666666432
0.0005616060000000071
0.0005990330666666802
0.0005417430000000057
0.000597376400000001
0.0006039840666666851
0.0006085408666666255
0.000601613599999995
0.0005796905333333325
0.000685178333333362
0.000587009800000023
0.0005877801999999951
0.0005545763333333416
0.0005750292666666379
0.0005543336666666547
0.0005924199999999935
0.0006269159999999996
0.0006205473333333433
0.0006114012000000724
0.0005685763333333149
0.0006384193333333214
0.0005764248666666768
0.0005294759999999954
0.0005759712666666713
0.0005843453333332842
0.0006109872000000128
0.0006352054000000015
0.0007213160666666773
0.0006091427333333085
0.0006650469333334463
0.000543147933333336
0.0005549458000000247
0.0005690448666666903
0.0005834748666667444
0.0006379269333333326
0.0006527971333332753
0.0006837311333332726
0.0005770909333333425
0.0005900163333333689
0.0005779033333333553
0.0006007706000000113
0.0006298397999999909
0.0006448729999999792
0.0006406431333332741
0.000684399333333315
0.0006899595999999933
0.0007171281333334001
0.0006090493333332484
0.0006403936666667202
0.0006953186666666038
0.0006441622666665777
0.000712655666666695
0.0006306732666666666
0.0006149882666666311
0.0005659027333332863
0.0005926429333332983
0.000614893266666705
0.0006897627333333212
0.0007034831999999547
0.0006906117333334312
0.0006823871333332695
0.0006702731333333507
0.0005965819333333696
0.0006395933999999492
0.0006028812666666401
0.0007751519333333512
0.0006611604000000012
0.000737888533333327
0.0006529886666667355
0.0006624088000000288
0.0006238051999999902
0.0006338924000000764
0.0006438094000000542
0.0006751710666666652
0.0008120789333332527
0.0007142701999999446
0.0006578437999999428
0.0006471814666667501
0.0006134887333333635
0.0006208287333332525
0.0007273616666665521
0.0007026885333333214
0.0007751034000000286
0.0007006530000000251
0.000629570933333401
0.0006731014666667256
0.0006361484666666861
0.0007042200666666905
0.0008297756000000452
0.0007219548000001019
0.0007573738666666922
0.0006951160000000142
0.0006975458000000323
0.0007384452666667466
0.0007458040666666518
0.0007622639333333107
0.0006882313999999982
0.0007992459333333221
0.0007098980666667328
0.0006957574666667021
0.0007212659333333409
0.0006349930666666558
0.0007325178666667042
0.0008105353333333435
0.000771737066666726
0.0008200886666666148
0.0006982341999999698
0.0007582619333332967
0.0006341109333333428
0.0007380577333334119
0.0008045934000000087
0.0007740156666667571
0.0007244676666665839
0.0007436116666667362
0.0006656665333333163
0.000693634533333339
0.0007394320666666824
0.0007041845333333185
0.0007700380666666006
0.0007117393999999185
0.0006338773999998715
0.0006796113333333409
0.0007102086666666748
0.00073678759999997
0.0008112898666666683
0.0008542104666667309
0.0007689705333333426
0.0007263235333333284
0.0007723799333333225
0.0006517174666666569
0.000744994933333339
0.0007790602666667054
0.000810727733333394
0.0007201823333333005
0.0006432466666665822
0.0006804294000000747
0.0006687327333333511
0.0008551406666667205
0.0008021049999999974
0.0008017649333333191
0.0006995590000000718
0.0006851353333333421
0.0007167660000000057
0.0007823324000000594
0.0008045323333332633
0.0007961937999999039
0.0007627198666666205
0.0007133355999999758
0.0006753338000000812
0.0006482771999999729
0.0009002410000000497
0.0008291547333333445
0.0008592932000000886
0.0007630310666666122
0.0007089755333332744
0.0006960625999999396
0.0008575464666667365
0.0009035678000000047
0.0007608225333332718
0.0006776750666666054
0.0006648175999999673
0.0007249685333333034
0.0008376593333333737
0.0008196996000000567
0.0008452162666667521
0.0007568362666666199
0.0008297752000000121
0.0007484292666667022
0.00074560986666663
0.0008337099333333005
0.0008324928000000101
0.0008078868666666554
0.0007858863999999836
0.0007062691999999871
0.0008729159999999977
0.0008556042000000078
0.0008542504666666358
0.0008194729999999891
0.0007420860000000158
0.0008345209333333455
0.0009795207999999296
0.001005794066666669
0.0009864168666666728
0.0009050885333333388
0.0009253213333333695
0.0008486503333333081
0.0009542395999999324
0.0009063354666666967
0.0008129912666666369
0.0007768494666666292
0.0007941832000000204
0.0008694791333333581
0.0009596251999999695
0.0008225933333332473
0.0007918705333332277
0.000788039866666601
0.0009350487333332917
0.0010048424666666853
0.0009349327333333453
0.0008582529999998793
0.0008637449333332843
0.000886387466666605
0.0009652587333332482
0.0011038231333332742
0.0008757952000001623
0.0008808267999998639
0.0008762312666666716
0.0009468693333332704
0.0010132796666666147
0.000839606533333163
0.0009071510666667967
0.0009361874000000252
0.0009738748000000186
0.0008711024666665068
0.000875494266666621
0.0008630278666666768
0.0009404787333333904
0.0009790364000001736
0.0009838058666667019
0.0008853342666665635
0.000904961066666606
0.0010556949999999787
0.001028381000000008
0.0009214980666666742
0.0008930432666668153
0.0009755293333335876
0.0009633184000000128
0.0008908070666665324
0.0008333002000001125
0.0008549364000000282
0.000985314666666722
0.0009987979333330916
0.000955920600000167
0.0008051004666665899
0.0008674298000000746
0.001040484000000023
0.0009497177333332847
0.0009451611333333906
