3.626999999997368e-07
3.099500000000935e-07
1.0197000000003453e-06
1.1107499999996052e-06
1.8168999999998436e-06
1.998050000000251e-06
2.8415500000005327e-06
4.5644999999996935e-06
4.352450000000458e-06
4.9014e-06
5.584249999999839e-06
6.862500000000271e-06
7.535150000000102e-06
8.360800000000237e-06
1.0106949999999503e-05
1.0862649999999682e-05
1.0919300000000048e-05
1.1965899999999419e-05
1.3402899999999732e-05
1.236839999999885e-05
1.4249399999999302e-05
1.3697649999999672e-05
1.656620000000039e-05
1.7469999999999292e-05
1.621260000000055e-05
1.9093950000001122e-05
1.8635349999999994e-05
1.859170000000007e-05
1.882494999999977e-05
2.592910000000018e-05
2.2744800000000508e-05
2.3917900000000603e-05
2.2841849999999386e-05
2.752059999999931e-05
2.5254999999999723e-05
2.7408150000000213e-05
2.4131349999999276e-05
2.568415000000039e-05
2.7557100000000224e-05
3.015765000000045e-05
3.145460000000093e-05
3.092260000000062e-05
3.439904999999986e-05
3.497995000000045e-05
3.799920000000026e-05
3.862269999999994e-05
3.5983000000000194e-05
3.959164999999959e-05
3.680289999999954e-05
3.654385000000024e-05
3.8872300000000404e-05
4.4135899999999883e-05
3.712869999999875e-05
3.966389999999973e-05
4.303634999999924e-05
4.099445000000021e-05
4.198130000000119e-05
6.634850000000018e-05
4.984574999999901e-05
4.683200000000047e-05
4.9988450000000224e-05
5.0728949999999734e-05
4.348074999999986e-05
4.6116600000001286e-05
4.891785000000065e-05
4.9176449999999847e-05
5.110684999999962e-05
5.4857850000002153e-05
5.284630000000207e-05
5.144404999999907e-05
5.41148499999998e-05
5.6414500000000894e-05
6.035480000000024e-05
5.643805000000029e-05
5.639220000000014e-05
6.153504999999865e-05
5.930710000000075e-05
7.498699999999996e-05
6.537255000000075e-05
7.704214999999861e-05
6.507410000000241e-05
6.484019999999993e-05
6.558939999999971e-05
6.791499999999756e-05
6.592944999999905e-05
7.921184999999873e-05
7.291625000000051e-05
8.166814999999717e-05
0.00011601159999999611
8.075084999999981e-05
8.260030000000127e-05
7.459135000000144e-05
8.442954999999947e-05
0.00010572425000000204
0.00012262310000000083
9.34981500000008e-05
0.00010054805000000027
0.0001238334999999993
0.00010544644999999838
0.0001477623999999997
0.00010015194999999921
0.00010121549999999868
9.918160000000065e-05
0.00010188530000000001
0.00010141895000000123
8.625279999999596e-05
9.263624999999998e-05
8.832544999999581e-05
0.00010112314999999872
0.00010872405000000168
0.00010908874999999568
9.908564999999703e-05
9.404495000000096e-05
9.74515000000023e-05
9.590290000000001e-05
0.00013119099999999996
0.00011884999999999951
0.00010461354999999617
0.00011558114999999924
0.00011604255000000341
0.0001232293999999981
0.00010331359999999762
0.00010440979999999933
0.00010651615000000225
0.00010253740000000233
0.00011833080000000079
0.00011634119999999887
0.000122989950000002
0.00010815950000000324
0.0001121956500000007
0.00011487020000000292
0.00011702844999999795
0.000114125050000001
0.00011667730000000098
0.0001187259499999982
0.00013119960000000097
0.0001294244499999972
0.00013340949999999797
0.00014216884999999625
0.0001337265000000018
0.00013052445000000246
0.00012128805000000131
0.0001384456999999964
0.0001378896500000018
0.0001287997499999985
0.0001376665000000013
0.0001357133500000024
0.0001329568500000017
0.00012998274999999755
0.00013962765000000016
0.00015244840000000205
0.0001353989500000083
0.00014127700000000492
0.0001409168500000002
0.00014786439999999734
0.00015102239999999212
0.00015314909999999127
0.00014878414999999756
0.0001557867500000032
0.00015091994999999746
0.00015589450000000338
0.0001595429499999912
0.00015192370000000066
0.00015633950000000507
0.0001423878999999989
0.0001550207999999942
0.00014744425000000062
0.00017541424999999443
0.00018382120000000335
0.0001760639000000036
0.0001822791999999962
0.00015527814999999334
0.00016533019999999122
0.00015976869999999866
0.00016822290000000073
0.00016740419999999035
0.0001722016500000062
0.00016439519999999764
0.0001702068499999987
0.00017106809999999916
0.00016806285000000586
0.00017208209999999835
0.0001686958500000002
0.00024867424999999445
0.00018555149999999743
0.0002129668500000015
0.00018718575000000736
0.0001794742499999974
0.00019033314999999384
0.00016729819999999895
0.00017312844999999578
0.00021287819999999958
0.00018879674999999486
0.00018577080000000134
0.00018465905000000226
0.00021680189999999377
0.00020873425000000057
0.00020499169999999844
0.0001770265000000021
0.00020048170000000476
0.00021331259999999574
0.00019264914999998772
0.00019343450000000318
0.00021782439999999957
0.00020569425000000195
0.00023644764999999625
0.00019565704999999767
0.0003067719000000052
0.0002111216499999985
0.00021868719999998954
0.0002199370499999992
0.00020339110000000272
0.00020235845000000363
0.00023063534999999413
0.00022431500000001382
0.0002051954500000036
0.00023514984999999656
0.00021925084999999123
0.00023167850000001543
0.00021947524999999524
0.0002325712500000021
0.00022642095000002249
0.0002278200000000008
0.00022831770000000806
0.0002320044000000021
0.00022579534999997986
0.0002382773500000046
0.00022967985000001966
0.00023449830000001336
0.00022972179999998786
0.00023485540000000026
0.00021253754999998043
0.00023943870000001088
0.0002280575000000007
0.0002221901499999901
0.00023029675000001414
0.00023263690000000504
0.00023210444999999802
0.000236637199999995
0.00025244774999999553
0.00023610734999999217
0.00025578775000001386
0.0002804374999999859
0.0002708827499999844
0.0002328606000000011
0.00025357100000000246
0.00023509715000000209
0.00024546285000001666
0.0002699823500000198
0.0002677655000000001
0.0002555616499999913
0.00026370340000000383
0.00023917884999999917
0.0002418976500000114
0.00028126159999999347
0.0002445135999999959
0.00026930189999999077
0.00026023449999999505
0.00026012955000001006
0.0002657712999999895
0.0002932800500000055
0.00023990784999999848
0.0002513362500000116
0.0002747823999999899
0.00031162370000000216
0.00025638654999999286
0.00030072479999999067
0.0002530526999999838
0.0002472059500000068
0.0003091732500000055
0.0002745265999999913
0.0002754196499999917
0.00026305085000000725
0.00029551975000001175
0.000279272049999979
0.0003155042499999983
0.00027060819999999983
0.000260508399999998
0.00028388980000002006
0.0003228914000000194
0.00032819889999999297
0.00029737419999998905
0.0002793454000000195
0.00030697239999999404
0.0002972555499999974
0.00029333910000000073
0.0002970536499999954
0.0002958556999999862
0.0002885887500000017
0.0002995967500000085
0.00033927900000001453
0.000311640299999999
0.000339373300000001
0.0002953152999999986
0.00029463919999999646
0.00030651784999999874
0.00030392965000001213
0.00029278195000000953
0.0003030246500000111
0.00028330710000000204
0.0003036316499999969
0.0002970156499999876
0.00031119855000000805
0.0003401977000000056
0.0003277637999999916
0.00037001699999999473
0.0003110817499999974
0.00030237154999995797
0.0003002032999999904
0.0003597795999999764
0.00033277409999999953
0.00033791434999995705
0.00032436434999999486
0.0003383109500000092
0.0003078349000000369
0.00031740999999997356
0.0003459558000000307
0.00035004195000001295
0.0003271301000000171
0.00033318754999999144
0.00031345185000000166
0.00033357685000003914
0.0003655095500000205
0.0003467025500000109
0.00034693274999999526
0.0003507758500000291
0.0003422189500000061
0.00034771014999999126
0.00035251755000000886
0.0004381097499999931
0.00035291119999999456
0.00034415724999997677
0.00034464189999999784
0.00033680125000000726
0.0003391568000000178
0.00038392204999999625
0.0004355909499999977
0.00035827755000000794
0.0003641024000000104
0.00035476669999998654
0.00037270560000004507
0.00037616484999997146
0.00036352375000002767
0.0003622229000000088
0.00039769379999997633
0.0003593256000000267
0.00035494339999998515
0.0004239121999999429
0.00036215599999998014
0.00035223445000001077
0.00037744259999999974
0.0003746266000000498
0.00040753105000000954
0.0003759574000000043
0.00038997455000000514
0.00042154344999997264
0.000411178099999987
0.0003648729999999989
0.0003971229500000173
0.00044225495000003166
0.00047940524999998677
0.00038458165000001545
0.0003823868999999869
0.00044021614999998346
0.00042478105000001156
0.00042390824999998243
0.00041712399999997983
0.00039419475000004314
0.0003986844000000045
0.0003989784500000093
0.0003857068500000005
0.0003890476999999781
0.0004155143999999944
0.0004107052999999694
0.0004113965499999872
0.0004286990999999851
0.00042853845000000445
0.000460755150000014
0.00044552509999999933
0.0004104702500000168
0.0004673735999999873
0.0004017991499999929
0.00040734195000000637
0.00038761904999999873
0.00044001754999999364
0.00041041295000000534
0.0004121978000000026
0.0003973371499999878
0.0003857415500000738
0.0003943028999999987
0.0004413414999999921
0.00041077649999999856
0.0003911451500000163
0.0004203444000000056
0.0004299690500000009
0.00040875669999997923
0.00040022780000004143
0.0004235004499999917
0.0004158345500000049
0.0005246251500000021
0.00041871664999999504
0.00042273160000003693
0.00042773830000000237
0.00047830075000001584
0.00041120275000001706
0.0004392742500000213
0.0004355075999999625
0.00041764735000001665
0.0004415378500000289
0.0004219000500000125
0.0004386362000000088
0.00044452355000000886
0.0004629959500000003
0.00045863875000000663
0.00044337215000000985
0.0004723569499999969
0.00046869804999997153
0.00048654105000001113
0.0004423089999999963
0.00043273409999999846
0.00045282180000002505
0.0004226056999999672
0.00045521990000001454
0.0004464237000000315
0.0004581809000000048
0.00045489075000000324
0.00047346044999987404
0.00045435515000000757
0.00046346040000007084
0.00047430754999995274
0.00047215530000002117
0.0004556168000000138
0.00044175845000000714
0.00046254205000000325
0.0004729047499999695
0.0004824163500000145
0.0004732408500000007
0.00046593960000003155
0.0005369724999999992
0.0004866678500000221
0.00047882764999995775
0.0005135855500000286
0.000464613150000015
0.0004704151000000101
0.0004815299000000106
0.00048697299999993503
0.00047878159999998894
0.0004983925499999709
0.00047396265000005934
0.0004974713999999381
0.0004901531500000278
0.0005202289000000304
0.00045147804999994267
0.0005132000500000621
0.0005103433500000642
0.00046127710000005707
0.0005763224999999928
0.0005087405999999461
0.0004867216000000729
0.0005824065000000101
0.000508352550000013
0.0005283318000000037
0.000519061449999958
0.00048202530000001075
0.0005174491500000266
0.000501170100000059
0.0005766828499999876
0.0005594477999999681
0.0005704761999999919
0.0005323026999999759
0.0005699307499999806
0.0005067741999999597
0.0005212603000000149
0.0005197542499999486
0.0005245374499999844
0.0005022344499999942
0.0005504031499999673
0.000548143649999977
0.0005416372500000044
0.0005400338499999879
0.0005430387999999953
0.0005224857500000013
0.0005697978000000381
0.000548739350000016
0.0005775956999999777
0.0005500372500000017
0.0005478134499999898
0.000513164499999963
0.000548258849999983
0.0005215719000000396
0.0004950171499999989
0.0005403702499999774
0.0005284830499999504
0.0005454101999999405
0.0005218245500000718
0.0005972434000000026
0.0006365468000000041
0.0005418024499999729
0.0005869657500000125
0.0005616783999999875
0.0005657161000000244
0.0005644498000000109
0.0005646228999999891
0.0005698708000000163
0.0005623225999999759
0.0005698535999999921
0.0005661361499999185
0.0006144009499999603
0.0005759068999999561
0.0005920022500000011
0.0005551756499999394
0.0005665717500000333
0.0005452758999999974
0.0005585701499999596
0.0005645652500000153
0.0005538424000000486
0.0005731445000000335
0.0005588081499999564
0.0005734311999999964
0.0005855943500000071
0.0005752659999999743
0.0006276122500000092
0.0006288020999999589
0.000585449299999996
0.0006204526499999918
0.0005717058499999927
0.0006145913000000114
0.000564042050000002
0.000638468949999993
0.0005792600499999967
0.0006226963500000071
0.0005848638499999836
0.0005912289999999265
0.0005858086000000373
0.0005947636000000367
0.0005853320000000384
0.0006151952500000002
0.0005852070999999848
0.0005805279500000094
0.0005952055500000996
0.0005868920500000652
0.0005988853500000114
0.0006498838999999812
0.0005816491499999854
0.0006048162999999773
0.0006024295499999832
0.0006365532499999826
0.000615834350000033
0.0006486725499999846
0.000621571749999994
0.0006076273500000395
0.0006051997000000142
0.0006557196999999792
0.0006113539000000446
0.0007237042999999721
0.000655687000000027
0.0006049993500000017
0.0006741076999999818
0.0006218051000000501
0.0006017440000000374
0.0006142015999999861
0.0006335360000000012
0.0006976788999999206
0.0005959116999999959
0.0006184151500000068
0.0006311476499999413
0.0006514292499999686
0.0006532301499999838
0.0006196648500000456
0.0006603074499999639
0.0006369904499998969
0.0006163700000000105
0.0006264924999999977
0.0006319944999999327
0.0006512348500000486
0.0006643577999999817
0.0006846016500000162
0.0006498278500000288
0.0006478293000000245
0.0006503958500000184
0.0006456450999999808
0.000685237649999948
0.0006937788999999972
0.0006915323499999459
0.0006509988500000175
0.0006303504999999543
0.0006801839000000198
0.0006241989499999656
0.0006612203000000427
0.0006524431499999927
0.0006379774500000268
0.000716943200000042
0.0006404300500000071
0.0006900788499999866
0.0006874566500000068
0.0006597088999999556
0.0007100546500001137
0.0006702422000000486
0.0006510078999999002
0.0006884524999999364
0.0007050231499999615
0.0006831381999998776
0.0006966521000000281
0.0007153847499999256
0.0007157953499999703
0.0006650139
0.0007022138500000885
0.000724317049999934
0.0006639832000001622
0.000674226900000141
0.0007041652500000773
0.000682483900000097
0.0007357884000001036
0.0007458719999999363
0.0006943075000000132
0.0007085157999999758
0.0007055508000000987
0.0007263417000001216
0.0007057593499998571
0.0007484514999999359
0.0006989068999998071
0.0007028829499999389
0.0006895644000000534
0.0007108760499999533
0.0007428373500000696
0.00069206309999994
0.0006754842000001648
0.0007014952000001351
0.0007481487999999814
0.0007331644500000234
0.0007073104500001648
0.000740179949999975
0.000769082650000108
0.0006762974000000365
0.0007272801999999689
0.0007047008499999841
0.0007128704000000319
0.0007469364000000312
0.0006817763999999116
0.0007132431000000938
0.0008073932999999478
0.0007632746499999232
0.0007307915000001053
0.0007969116999999581
0.000814997099999859
0.0007818462999999998
0.0007492782000001252
0.0007508906999999177
0.0007798981999998844
0.0007959846499999479
0.0007726065999999143
0.0007821859999999958
0.0007782248500000311
0.0007335992999998985
0.0007783444000000195
0.0007470272500001319
0.0007570954500001114
0.000738316849999876
0.0007466854999999661
0.0007673833500000171
0.0007516934000000753
0.0007458106499999672
0.0007564738499997947
0.0007580005000000778
0.0007560981999999328
0.0007638615499999446
0.0007726850500000104
0.0007385096500000188
0.0007906805000000184
0.0008303058000000086
0.0007923484500000022
0.00077890824999991
0.0007710620500000597
0.0008173090999999743
0.0007928364500000118
0.0007587209000000428
0.0007544998499999789
0.0007881805499999395
0.0008022832500000021
0.000739090700000089
0.000781782299999989
0.0007859022499999479
0.0007893833999999434
0.0007605698999999966
0.0007695630499999328
0.0007653261999999384
0.0008153584499998257
0.0008220291000001101
0.0007466744500000732
0.0008105930499998859
0.0007951044999999546
0.0007747862000000438
0.0007608012499999539
0.000843005149999998
0.0007825753000000102
0.0008008144500000647
0.0008760536500000526
0.0007836702499999682
0.0008040757000000287
0.0007658487000000491
0.0008673082000000498
0.0008111180499999815
0.0007781766499999953
0.000768693850000135
0.000871955349999931
0.0008351402000000175
0.0009427728499999954
0.0008310542499999851
0.0009448229999999835
0.0008627114999999908
0.0008659688999999915
0.000817258749999894
0.0008295007500000561
0.0008980371000001597
0.0008419273000001226
0.0008178622500000454
0.0008574591500001283
0.0008398251499999621
0.000910038599999874
0.0008356209999999642
0.0008295670999999949
0.0008304481999998892
0.0008331572500001272
0.0008539982499999432
0.0008428458500000513
0.0008424929999999887
0.0008221236999999438
0.0008541183999999813
0.0008310697999998062
0.0008539752000000789
0.0008837524999998792
0.00085610724999996
0.0009103947999999029
0.00085476129999984
0.0009625259499999039
0.0008420693999999784
0.0008429421499999811
0.0009327773000001205
0.0008763135000000144
0.0008447933499998062
0.0008736564000000335
0.000869181950000053
0.000904124149999852
0.0008873205999998746
0.0008833636500000797
0.0008530859999999584
0.000993793900000073
0.0008428606500000768
0.0008460133499998967
0.0009027449000000853
0.0008662287000000823
0.0009345672499998959
0.0008684097000001501
0.0008912462499999663
0.0008388077999998966
0.0008979923500000098
0.0008717326500001565
0.0008655971000000928
0.0009590986500001009
0.0008897431499999886
0.000873729999999906
0.0008832097999999178
0.0010016533000000382
0.0008798943500000434
0.0009473301500000808
0.0009481196000000747
0.0009159191000000621
0.0009034057000000484
0.0008890363000000345
0.0008565433500000719
0.0008639572500000359
0.0009541512999999835
0.0008801013000000246
0.0009046034000001147
0.0008689387999999632
0.0009319532999999769
0.0008930975499999771
0.0009021236499999752
0.0009054374000001086
0.0009111761999998525
0.0009308558000000299
0.0009239208499999485
0.0009452123999999174
0.0009343131500000546
0.0009291248500000737
0.0009339223000000452
0.0010336831000000047
0.000932182349999744
0.0009810637499999774
0.0009310322999999787
0.0008896521500000087
0.000940963249999971
0.0008872261999999687
0.0009640784499999278
0.0009759894999998853
0.0009610782999998513
0.0009845970999999842
0.0010507451500000099
0.0009616214500001608
0.0009296128000000792
0.000922475849999893
0.0009114796999999175
0.0009135819499999532
0.0009596785000000274
0.0009002034000001214
0.0009446589499998659
0.000984511099999974
0.0009933626500000959
0.0010287268999999543
0.0009709410500000626
0.000991613750000031
0.0009938593500000259
0.0010404304999998449
0.000913960350000087
0.0009691125500001174
0.001000638899999995
0.000976042550000189
0.0010613787499999638
0.000959517550000033
0.0009770357500000326
0.0009709553500000911
0.0009772307500001353
0.0009650371499998478
0.0009713478499998818
0.001015147899999924
0.0010455053000002045
0.0009221053499999243
0.00095857949999969
0.0010208924000003172
0.00107603385000008
0.0009369576000000102
0.0009747349000000405
0.001027252500000131
0.0009753954500000717
0.000959856949999871
0.0010178454999998365
0.0009708877000001337
0.000956750900000447
0.0009720849500001627
0.0010575269500000318
0.0009655433500000754
0.0009768806500000337
0.0009834497500000872
0.001070227649999822
0.0009808392000002718
0.0010118929999999083
0.0010619419500001114
0.001027115999999939
0.001031021649999886
0.0009962398000003426
0.0010132254500001103
0.0009887902000000003
0.0010374085000001364
0.0010239181500001139
0.0009854237499999918
0.0009518713499999443
0.001055227249999824
0.0010183010499996924
0.0010211333500001808
0.0009915155500000773
0.0010421358000000324
0.0010905624500002098
0.001038480550000287
0.0010404231499997253
0.0011335319000001399
0.001059578200000022
0.0010315825500000209
0.001033226300000134
0.001039106049999905
0.0010046095500001683
0.0010927940499999345
0.0010115852499998467
0.0010656206500001097
0.0011236513499998323
0.0010631550999997685
0.0011148976499997687
0.0011171053000000875
0.0010539837500001426
0.0010666258499998805
0.0010648144500001954
0.0010527713000000106
0.0011028564500001892
0.0010515164000000077
0.0010396606999998781
0.0010718038000000264
0.0010753622000000186
0.0010442901999998533
0.001050892150000049
0.0010643710499996573
0.0010462751499998647
0.001047788400000016
0.0011143066999999896
0.0010698666999998884
0.0010889097499999778
0.0010958277500000336
0.0011048754999998245
0.0010811000000001236
0.0010614157499999166
0.0011046673499999216
0.0010195508000002463
0.0010799580500001405
0.0010099951499999982
0.0010369189000001278
0.0010812868500000405
0.0010508581499999892
0.0014681467500000877
0.0011004012999997314
0.0010585432999998367
0.0010797315499999627
0.0011052408500000332
0.001049191349999834
0.0011853260000000531
0.00114082204999999
0.0012037620000000082
0.0010597252000000168
0.0010831904499998934
0.001106916400000113
0.0011597934000000087
0.0011333605000004355
0.001124733550000112
0.0010756064000001508
0.0011520429000001719
0.0010871642000001458
0.0011692437000000665
0.001054271749999902
0.001144952050000203
0.0011708003500001674
0.0010642294000001939
0.0011298837499999158
0.0010751981000002076
0.0010873972499997997
0.0011041275499997561
0.0011565210999998853
0.0011425478500002306
0.0011532278999999868
0.0011185711499999585
0.0011490987500001105
0.0013960205999996589
0.0012003992499998617
0.0011848694000000215
0.001180026800000089
0.0011483832000002358
0.0012101030999999373
0.001250682250000068
0.0011904995500000126
0.0011274167999999918
0.0011911646000001496
0.001347181649999829
0.0011358390999998136
0.0011910330499999232
0.0011526402500000366
0.0011393285499999629
0.0011938017999998606
0.001156448549999567
0.0012354697000000136
0.0011397029000001168
0.0012297136999999125
0.0012668163500004325
0.0012280381499999216
0.0012512159499999064
0.0011850797000000136
0.0012107150999999482
0.0011754721000000856
0.0011716896500000296
0.001166155350000153
0.0011785545500000438
0.001131073449999942
0.0012484004499999201
0.0011746355500003246
0.001151595599999844
0.0011283333500000658
0.0011589062000002316
0.0010963879999998482
0.0011201379500000996
0.0011533026499998655
0.0012992806000001523
0.0012164507499997867
0.001150899300000141
0.001141926999999665
0.0011976725500000285
0.0012265226499998505
0.001148499000000225
0.0011424359499994986
0.0011479765500003402
0.0011478520499998979
0.0010951112999999957
0.0011225889499999475
0.001122335499999938
0.0014239360500000408
0.0012011148000000027
0.001188978349999914
0.0011362129000000109
0.001208616299999843
0.0012272455000000627
0.0012029720499999285
0.0012111753500001043
0.0011525659000003684
0.0011860948000001592
0.0012243638000001944
0.001162153549999978
