1.0407333335275363e-06
5.926533333303989e-06
1.0215200000018853e-05
1.47152666666391e-05
1.9724533333468724e-05
2.445053333334594e-05
2.8868066666731806e-05
3.3773933333236526e-05
3.8773333333293655e-05
4.2866066666628434e-05
4.866693333346698e-05
5.3135666666707473e-05
5.637073333328857e-05
5.6790533333206385e-05
6.1026800000026546e-05
8.494706666664817e-05
7.368573333336552e-05
8.168333333333778e-05
9.626813333335112e-05
0.00011082820000005711
9.932439999994121e-05
0.00011687113333328133
0.00011653766666661625
0.00011603633333330994
0.00011465786666674897
0.0001342837333333809
0.0001440962000000212
0.00016113180000001392
0.00014132513333346233
0.00014290540000002258
0.00016359466666653332
0.00015919133333325657
0.00014410360000004138
0.00015954586666679186
0.00014998053333320865
0.0001547299333332456
0.00016013513333330566
0.00017654520000001857
0.00016967866666686148
0.00017400500000004372
0.00017902186666685083
0.0001844336000001334
0.000187952866666663
0.00022019699999991833
0.00021405446666674285
0.00020155880000001977
0.00020619780000010005
0.00021099513333323235
0.0002154651999999165
0.00022999100000008118
0.0002366395333332605
0.00024187473333334709
0.00024623279999994214
0.0002577619999999096
0.0002573060000000164
0.0002614031333334784
0.00026794226666666533
0.0002731745999999665
0.0002785091999999878
0.0002848555333332688
0.000288181733333559
0.00029647526666648125
0.0003034330666666918
0.0003052653333333192
0.00031181900000003536
0.0003147542666666207
0.00031988593333333407
0.00032403479999990975
0.00033221153333341157
0.0003324068000000698
0.0003242329333332942
0.0003314353333335518
0.0003363667333331932
0.00033936773333334005
0.00034758419999996923
0.0003556011999998887
0.00036005553333341803
0.0003643104666667322
0.00036622813333332026
0.0003686172000001875
0.00037677706666651526
0.0003766828666665963
0.0003919791333332275
0.00038769386666661634
0.00039394686666677594
0.00040247633333330884
0.0004555632666667364
0.00042097000000011303
0.0004731857333333996
0.0004215313333332323
0.00044656066666650676
0.000432807733333244
0.00044492246666661593
0.0004408146666666113
0.00044416686666656584
0.0004531977333334325
0.0004558942000000954
0.0004681861999999981
0.0004633575999999214
0.0004850143999999427
0.0004951176666666039
0.0005030452666666463
0.0005084220666665473
0.0005126500000000552
0.0005191803333334614
0.000520199533333295
0.000531395000000027
0.0005326550000000078
0.0005373069333334257
0.0005421653333333036
0.0005455022666666901
0.0005530726666665468
0.0007058092000000589
0.0006859744000000963
0.0005777376666667185
0.0005801152666666217
0.0005592347333333099
0.0005612268666667456
0.0005656340666665945
0.0005785811999999169
0.0005886625999999968
0.0006054129333333454
0.0006221401333332821
0.0006149337999999579
0.0006237301999998835
0.0006247004666667166
0.0006349779333332843
0.0006343446666666234
0.0006412762666666794
0.0006468547999999074
0.0006233687333332701
0.0006347810666666121
0.0006408846666666672
0.0006346713333333771
0.0006409076666665569
0.0006501096666665873
0.0006540097999999735
0.0006585484000000364
0.0006621556000001287
0.0006665961333333451
0.000688150333333167
0.0006755264666667316
0.0006821442000000862
0.0006862702000000572
0.000689940666666781
0.0006956295999999659
0.00070057566666654
0.0007056485333334213
0.0007153850000000498
0.0007181351333333789
0.0007240234666666605
0.0007235178000002544
0.0007370292000000944
0.0007381320000001541
0.0007423266666665521
0.0007423585999999816
0.0007584899333333913
0.0007562450000000591
0.0007590054666667474
0.0007653060666667007
0.0007754743333333518
0.0008102513999999653
0.0007827084000002315
0.0007891022666666933
0.0007948319999999972
0.0007933438666667551
0.0008030591333334651
0.0008063765333332048
0.000821516533333444
0.0008258975333333159
0.0008237973333332723
0.0008285839333333082
0.0008399224000001481
0.0008397021333333162
0.0008440380000000284
0.0008451281999997562
0.0008530088666667268
0.0008605794666666
0.0008625348000000107
0.0008655097333332881
0.0009607481333333112
0.0014597786000000686
0.0010548001999999576
0.0008957903333333424
0.000942978733333355
0.0009360850000000199
0.0009467582666665919
0.0009526713999999122
0.0009582943333334981
0.0009589476666666504
0.0009203668666667515
0.0009445479333331027
0.0009506798666667037
0.0009798239999999107
0.0009372097999999459
0.0009482630000000825
0.0009791798666665722
0.0009867245333332756
0.0009880800666667374
0.0009861321999999598
0.0010077296666665939
0.000998755866666734
0.0009941717999999136
0.0009859298666666423
0.0010780344000001088
0.001121797600000048
0.0010092355333332155
0.0010082954666668087
0.001054284466666407
0.0010658009999998442
0.0010762172666667644
0.0010860374666666673
0.0010795857333334288
0.001062606333333349
0.0010442906666666475
0.0010510683333334824
0.0010647651333333859
0.00105534400000001
0.0010658742666667701
0.0010720190000000093
0.0010706293333332321
0.0010734420666666485
0.001080111666666639
0.001094588799999959
0.0010960127333333365
0.0010922113999999538
0.0011070971333332718
0.0011011567999999509
0.0011317121999999459
0.0011130962666667799
0.0011223553333333431
0.001137131266666458
0.001143360000000134
0.0011352281333332807
0.0011460185333335223
0.0011468096666666483
0.001183153866666705
0.0012461920666667107
0.0011824323999999702
0.0011668842000001215
0.0011943162666666989
0.0012041073333332263
0.001206535400000123
0.0012309395999999732
0.0012138111999999404
0.0011951130000000512
0.0012067536000000582
0.0012158866666666767
0.0012241937999999545
0.0012239852666665978
0.0012345097999999055
0.0012266416000000409
0.0012334691333334646
0.0012335002666667093
0.0012362347333334375
0.0012568268000000178
0.001252516400000007
0.0012498607999999578
0.0012638606666667347
0.001264016466666599
0.0012758600666667637
0.0012873284666666152
0.0012833499999999867
0.0012802138666668128
0.0012941363999999568
0.0014641865333336077
0.0013985481999997755
0.0013025814666667893
0.0013484283999999273
0.0013785966666662356
0.0013770374666669009
0.0013851420000004092
0.0013704228666667243
0.001336630266666461
0.001346622466666858
0.00134081093333324
0.001351785266666757
0.0013541927999995095
0.0013718111333331487
0.0013581853999998117
0.0013804999333337047
0.0013902692666667585
0.0014243240000000176
0.0015862202666664161
0.0014214039333329727
0.0014328692666664958
0.0014612599333333994
0.0014753808666663796
0.0014711032666668918
0.001447107400000173
0.00141898946666655
0.001418245799999814
0.0014258071999995773
0.001431493133333106
0.001454479599999677
0.0014426680666668782
0.0014473165333334019
0.0014523471333331391
0.0014560090000000987
0.0014677264000000653
0.0014714865999996126
0.001474111199999939
0.0014724252000001788
0.0015013325999997087
0.0014890913333334291
0.0015009856000000117
0.0015039024666664365
0.0015189804666666381
0.0016587387999999
0.0015755960666664255
0.001588695733333149
0.0015892467333332642
0.0016219556000001726
0.0015501775333332782
0.0015561184000000357
0.001537406666666404
0.0015631763333333974
0.001549857266666521
0.0015721542000000236
0.0015874747333333753
0.0015714460666668372
0.001569769066666519
0.001606933466666997
0.0017082723999997996
0.0016447745999999578
0.0016742719333333155
0.0016737276666667356
0.001677295599999932
0.0016430932666667768
0.0016891648666663408
0.0016573373999997662
0.0016524410000000008
0.00167282973333324
0.0016405611999997423
0.0016449051333334334
0.0016619460666665493
0.0016481956666666519
0.0016609802666666931
0.0016769931333333451
0.0016805828666666873
0.00168000726666655
0.0016844864666669679
0.0016782159333332677
0.0018129966000000053
0.001795342666666381
0.0017056201333335963
0.0018434837333336654
0.0017879067333332443
0.0017881202666668373
0.001749853133333327
0.0017623321333331888
0.0017762198000000969
0.0017514255999998341
0.001736363466666783
0.0017496802666665682
0.0017454181333337242
0.001752105733333309
0.0019919118000000678
0.0019447942666667235
0.001840308400000031
0.0018531512000000323
0.0018490462000002594
0.001800287333333254
0.001793384866666751
0.0017927825999996354
0.001796304533333289
0.0018005538000000598
0.0017914806666664636
0.0018116603333336201
0.0018120005333333467
0.0018215687333334785
0.0018308994000000448
0.0018394949333333224
0.00184134166666657
0.001847919333333555
0.0018710338000002954
0.0018711574666665362
0.0018550095999999646
0.001870295933333092
0.0018601440666666728
0.001865397733333296
0.0018882099333332291
0.001900128466666473
0.001888228933333617
0.0019035776666666967
0.0018981292000000611
0.001902477333333034
0.001906087933332993
0.0019130350666666611
0.002021994866666669
0.001963243133333374
0.0019580698666665343
0.0019770495999999584
0.0019852905333330286
0.0019287440666664916
0.0019345995333330515
0.0019470855999999279
0.001955955000000268
0.001953772400000157
0.001977196800000177
0.0019605671333334128
0.0019898097999998753
0.0019820486000000415
0.0019694338666665107
0.0020254097333335607
0.00199343893333328
0.0020026872000000156
0.00204070086666673
0.002023878666666808
0.00200779426666647
0.0020169375999998353
0.0020199483333334695
0.0020362713333335353
0.0020719674666665354
0.0020574211999999648
0.0020805747333332886
0.0020963792000001052
0.002084586666666629
0.0020567815333330706
0.0024550517333333725
0.0021743172666669843
0.002161679533333209
0.002180665066666639
0.0020921490000002764
0.0021051875333331083
0.0020896618666666218
0.0021036703333332223
0.0021010784000000155
0.0021114501333335295
0.002113601533333546
0.002111323333333222
0.002122117800000112
0.0021339902666663115
0.0021491823333332624
0.0021523184666663773
0.002200630400000018
0.0021822992000002967
0.002195301600000003
0.0022128146666669105
0.0021870712000003085
0.002159699466666609
0.0022078675333335224
0.0021899547999998012
0.0022040040666664613
0.0021970942666666104
0.00219994966666673
0.0023206153333333646
0.002273419066666804
0.002261178399999982
0.0022682950666666813
0.002238010933333238
0.0022230452666667827
0.0022296754666670656
0.0022387879333333415
0.002234090799999914
0.002229343199999671
0.0022501808000001235
0.002267614800000099
0.0022506611999998445
0.0022933331333333013
0.002269077266666741
0.0022781199333335184
0.002274773000000252
0.0022922085333333324
0.0022932109333333745
0.0023003969999998946
0.002303762799999968
0.0023065019999999473
0.0023063944000004
0.002303557133333219
0.0024277878000001844
0.0025350508666665663
0.0023728778666667933
0.002404818733333277
0.0024366020666664193
0.0024422503999997976
0.0023472198666667056
0.002351888466666452
0.002362743199999902
0.00237073606666686
0.002364322066666702
0.0023808240000003406
0.002397890933333002
0.002391025133333476
0.0024146145999997277
0.002400523466666608
0.0024475407999999515
0.002413732200000022
0.0024104654666667596
0.0024436211333333326
0.0024957809999997713
0.00247000066666665
0.00248429306666651
0.002437779866666645
0.0024404230666668523
0.0025752723999995434
0.0024679064666668655
0.00248011273333321
0.002517429200000147
0.00251036253333344
0.002595604799999999
0.0024775966000001167
0.0025107401333331818
0.0025454148666665807
0.0025331875333332475
0.002501582999999859
0.0025093507333334487
0.0025026086666665986
0.0025079074000003013
0.0025177766666670226
0.0025331933333331354
0.0025171045333344465
0.0025326725333343347
0.002534394400000413
0.002542221733333605
0.0025344691333330617
0.0025671527333337
0.002558711333333008
0.002677314799999664
0.0026189840000000685
0.003383612933333069
0.0027013974666663405
0.002692673266666172
0.0025883701999999194
0.0026175012666665035
0.002599709466666648
0.0026021298666672505
0.002765125399999609
0.0028722962666662966
0.002777140000000363
0.0027943658666667185
0.0027811910000006415
0.0027812019333332215
0.0027792652666664233
0.0028036573999997926
0.003101745866666524
0.002789356666666265
0.0027921547999999537
0.002777659399999758
0.0027998467999995097
0.0027831921333347034
0.0027922716000006176
0.0027377022666662753
0.002751075600000519
0.0027302074666671673
0.002715669200000548
0.002955774199999913
0.0028351857333338633
0.0028227619333326477
0.0027742883999993732
0.0028120523333335255
0.00278681813333345
0.002795588800000104
0.002822802599999837
0.002830241933333847
0.0028100885333335176
0.0028168152666668317
0.0029297040666660243
0.002834409666666223
0.00284169273333319
0.0028814128000000496
0.0028376962666664934
0.003343773666667005
0.0029545598666670023
0.0029344383333336074
0.0029243110666669738
0.0029272247333331338
0.0029043334000005434
0.002879707866667047
0.0029107239333335143
0.0029568246666668093
0.0029711822666662613
0.002968091999999937
0.0029603100666660016
0.002991175266666346
0.002946668600000161
0.002962060466666827
0.002988177999999901
0.0030070351999995637
0.0029444623999997552
0.00298773679999987
0.003046175866665853
0.003331301799999172
0.003132073266666661
0.0030925248666666977
0.0029631684666666064
0.003123948133333935
0.0030925810000001757
0.003088700933333873
0.0030863105333326737
0.0030934887999999696
0.003100023800000192
0.0032070518666669065
0.0032230516666672316
0.0031300573333327957
0.0035096233333336596
0.0031216434666660577
0.003094364733333303
0.0030632572666668524
0.0032249673999999117
0.0031446253333335507
0.0031254676000000833
0.0030466550666664225
0.003052502866666155
0.0031211712000003425
0.00306633906666652
0.003191083533333246
0.0030712508666667303
0.003077919399999729
0.003093076466666863
0.003089638999999522
0.0031088046000005438
0.0031416646666668174
0.003112111333333208
0.0031268102000003256
0.003254714533332977
0.0031437107333334305
0.003147131133332692
0.003163553333333861
0.0031469056666658447
0.0033000487333332273
0.0032226753333335504
0.003227994666666471
0.0032164382000000086
0.0031787401999999075
0.0032054463333328915
0.003203699199999714
0.003216433533333903
0.003228275199999331
0.00326011013333319
0.0032087473999996047
0.0031975029333333777
0.00322760099999968
0.0033961871333329915
0.003397316800000046
0.0033772883999998744
0.003374779066667344
0.003412573733333346
0.0034153805333332343
0.0033972159333328497
0.003483109066666401
0.003346000200000295
0.003310242199999654
0.003306978066666962
0.00331794693333336
0.0033598482000006887
0.003281406800000279
0.0033060123333328306
0.0032923879333327005
0.0033383124666665747
0.0033864207333332767
0.0033099773333338097
0.003311455133332923
0.0033357941333330625
0.0034021636000000893
0.003410124066666261
0.0034692632666661893
0.0034151291333342233
0.0035087863333330914
0.0033491691333329262
0.0033428332000002095
0.003340089133332924
0.003290397599999295
0.0032694613999998032
0.0032778051999999983
0.003276793133332253
0.0033170406666660785
0.0032923574000003936
0.003333279466666994
0.0033400092666667548
0.0033154074000004623
0.0033299062666669005
0.003937569333333831
0.0034771279999998702
0.003597894200000932
0.003484785999999692
0.003435032999999521
0.003436572066666107
0.0033601453999996997
0.003396500199999745
0.0034183252000003013
0.003420454600000274
0.0034621191333326826
0.003403907800000165
0.0033989505999995136
0.003448636599999825
0.003499893800000346
0.003500007666666486
0.003458339733333086
0.0034250696000003226
0.0035862356000005017
0.0034992590666661273
0.003583572400000179
0.00349875686666626
0.0034756890666666133
0.003437114333333824
0.0034442670666668582
0.0034509394666675536
0.0034700540666662504
0.003969783333333509
0.003704906066666543
0.003593362399999478
0.0035688897999998897
0.003513560933333319
0.003503424666666651
0.0034881675333330977
0.003589684799999541
0.003671339333333634
0.003651845733332474
0.003665005733334207
0.00352360946666721
0.0035445777333334167
0.003536965333333342
0.003520316733333336
0.003530456999999861
0.003566521066667387
0.0035702546666662727
0.0035589392666672383
0.0035893968666665427
0.0036144644666670444
0.0036658780666667685
0.0036488250666666983
0.0036369125333325296
0.0037268189999998926
0.003623674133333547
0.0036787244666667126
0.0036418478666665993
0.003647616066665904
0.0036051152666667957
0.0036052395333337965
0.0036287916666668234
0.003830507400000016
0.003693877000000138
0.0037865107333331593
0.003791996666666838
0.0037287240666664446
0.0037505636666670247
0.0037809724666663176
0.003775612266666665
0.0042041006666657665
0.003850197133333211
0.0038051257999998237
0.0037672909333331004
0.003768562600000536
0.0037761909333338412
0.003796605933332605
0.0038272158000002793
0.0037899733999987952
0.003820539266666619
0.0038657086000007724
0.003844277199999387
0.003881415399999592
0.0038490562666668874
0.003836750799999796
0.0039986746666668205
0.003960831733333947
0.003925662466666798
0.003923911466667344
0.00386477700000043
0.003911360599999843
0.003920700933333402
0.0038784712666661393
0.0039000215999995666
0.0038964216000008395
0.003940980400000408
0.0038857162000001705
0.004214556999999056
0.004066717933332598
0.003957232666666973
0.003999561200000083
0.003938316466666218
0.003897681599999932
0.003897372266667058
0.0038767625333330593
0.0038469441999997873
0.003862097533333279
0.0038380322666668578
0.003854262333333954
0.003845627933332925
0.003865086799999536
0.0038735877333325656
0.0038725716666661468
0.003909098799999811
0.003947994866666468
0.00391361846666669
0.003986720666666817
0.003988347800000251
0.00397870086666714
0.003972902733333683
0.00400349813333302
0.004007429666665984
0.00401114840000029
0.00400903459999995
0.004032771400000238
0.004023669266666256
0.004018069666666691
0.004038327399999749
0.004039511200000827
0.004043049466666086
0.004049261266666803
0.004290318466666084
0.00405280786666727
0.0041725201999999705
0.003985185266665307
0.004031644733333906
0.003995220000000188
0.003994144333333338
0.004113306466667173
0.004085602466665724
0.004097717933333437
0.004069454400000438
0.004074583533333491
0.004134190266665409
0.00411356353333332
0.004159560733333952
0.004217179733333865
0.004199504333333455
0.004199955400000969
0.004049509799999859
0.004087002066667841
0.004057715399999987
0.004060801533333347
0.004095018866665611
0.004092562066666498
0.004087289399998894
0.004126569200001029
0.004104131533333563
0.004085632933333253
0.0041112090666658215
0.0043221838666662885
0.00424588213333313
0.004301484000000262
0.004147171333333214
0.004151958199999702
0.00415471073333246
0.004132198799999287
0.00421593759999818
0.004162073999998957
0.004161261199999918
0.004152282866666705
0.004296503733333168
0.004240853200000553
0.00419034873333383
0.004220968666666162
0.0043226517999997325
0.0042624402666660895
0.0042239779333328896
0.004204980733332775
0.004201687400000746
0.004218859266667134
0.004254745999998495
0.004234331933333143
0.0042614506666675805
0.004239973733332647
0.004283797399998927
0.00424833206666572
0.004243979533333686
0.004621545266666279
0.004464122266666948
0.004381335266667463
0.004307373866666353
0.00429282139999998
0.004288714399999568
0.004337139066666869
0.004305320066667188
0.004272857266667529
0.0042891916666652225
0.004299464799999934
0.004313308933332868
0.004327438800000986
0.004356059999999691
0.004481789999999819
0.004547148933333271
0.004362456066667164
0.00434228093333265
0.004348279933333287
0.004348191266665916
0.004348724000000459
0.004402318533332543
0.004430687266667613
0.00439337059999995
0.004433673733332929
0.0044210348666662
0.0044248038000006314
0.004727783133332745
0.004571467133334295
0.004510246400000047
0.004393498866665861
0.0044172230000000924
0.004396055333333493
0.0044031715333337235
0.004439185599999954
0.0044239343333326055
0.004416322666665451
0.004428502266666593
0.004423750199999669
0.004444598733334241
0.004435565000000944
0.004661158266667087
0.004546287800000925
0.004471452533334741
0.004476416066666881
0.004481209066667683
0.0044710957999986554
0.004501764800000293
0.004489827399999532
0.00451317726666692
0.004631260933333673
0.004589296266666546
0.004538262933334162
0.005145773800000578
0.004646328133334047
0.00468944639999999
0.00455197993333248
0.00456178686666533
0.004526399600000275
0.0045403761333323205
0.004573172999999524
0.004571305333333934
0.004589715266667819
0.004584795333332655
0.004930711266666303
0.004917610466666626
0.004923016399998896
0.00494964926666673
0.004964871399999992
0.004913213333333507
0.005234112066666796
0.004871045266666366
0.0049837118666673065
0.0048403203999991245
0.004760927533333851
0.004924928866666297
0.004823301333334011
0.005214265600001037
0.004996938933332728
0.0048522592000007116
0.00496615113333263
0.004884993066666728
0.0050937294666667295
0.004918554266668215
0.004975049533334186
0.0049730839333330815
0.004918812466666604
0.004916532466667433
0.004845317399999753
0.005025353066666583
0.004931783466666199
0.004940018066667543
0.004849631999999815
0.004853255733334076
0.004919860533333539
0.004967344533334028
0.004965699799998902
0.004877778266666629
0.004764617133332649
0.004813212000000059
0.004774254933333093
0.005171605333334147
0.004977471399999918
0.004847474733333001
0.00486333680000115
0.00488050073333189
0.004905822666665926
0.004949570533333277
0.004893310933333339
0.004912404933334358
0.004938212400000452
0.005026567666666893
0.004925099533333348
0.00495199933333339
0.005086263066667129
0.005035964333331814
0.004899463266667207
0.004875109466665606
0.004829378933333809
0.005166137000000503
0.005391589800000911
0.005213387333331809
0.005182767266666607
0.00546418206666696
0.005119773333332489
0.005209370933332972
0.00509473313333378
0.005046368800000304
0.005017633866667382
0.00502153626666626
0.005055481399999451
0.00506161620000114
0.0050801151333340995
0.00505870206666638
0.005091257666666612
0.0052072415333332366
0.005057144066666789
0.005075097933333931
0.005205323999998749
0.0051836313333325276
0.005192710733333664
0.005224623599999726
0.005330221066666733
