2.4106000000014466e-06
2.498373333333359e-05
4.8197733333333694e-05
7.496699999999893e-05
0.00011598886666666827
0.00017041846666666544
0.00020387173333333563
0.000238161266666669
0.00022404873333333185
0.0002727803333333325
0.00035941073333333276
0.0003714047333333322
0.0004199743999999996
0.0005622529999999977
0.00043323539999999826
0.0005244925999999984
0.0005081476666666696
0.0005141607333333353
0.0006574546666666662
0.0006554147333333334
0.0006638638666666604
0.0006535243999999922
0.0008085851999999986
0.0007892429999999987
0.0007461580000000005
0.0008459518666666629
0.0008517542666666562
0.0008454530666666645
0.000923699999999994
0.0010358956666666678
0.0009325178000000027
0.0010306760666666582
0.0011467252666666704
0.0011258530666666637
0.001051117666666664
0.001115903933333336
0.0011210386666666702
0.0012533838666666686
0.0013498199333333368
0.0013174201333333432
0.0013759462666666797
0.0012775277333333243
0.0014289376000000094
0.0013794289999999802
0.0014495843333333313
0.0015040925999999881
0.0014501837333333433
0.0015093181333333335
0.001598403933333333
0.0016211555333333516
0.0017194223333333535
0.0017065554000000205
0.0017987052000000133
0.0018297526666666583
0.0017062711333333332
0.0018744466666666662
0.002006856933333349
0.0019125657333333454
0.001960648933333335
0.0021125377999999585
0.0019591135333333564
0.002068493400000001
0.0021432554666666716
0.0021607917333333524
0.002219801466666649
0.0023157541333332994
0.002393511933333355
0.002362742999999989
0.0022517816000000137
0.002399361066666665
0.0023179682000000162
0.002517778066666665
0.002479245466666654
0.002629674066666654
0.002550927733333334
0.002580710733333295
0.0025624317333333775
0.0025649006000000086
0.002656867399999966
0.0025796206666666897
0.00264085633333333
0.0028040203333333275
0.0028327327999999596
0.0029224139333333603
0.002776410266666707
0.003001087733333356
0.003122717266666619
0.0030256194666666405
0.0030211779333333116
0.003130975533333391
0.003216439333333317
0.003114528333333292
0.003223558333333365
0.0033160764666666804
0.003231686466666635
0.0033774389333333767
0.003296240066666704
0.003186597866666574
0.003447485400000024
0.003433326533333325
0.0034311158666667416
0.00356825306666666
0.0035839327999999783
0.003584024133333319
0.0035776373333332796
0.00379453173333341
0.003737131933333367
0.0037995809333332946
0.004066319266666607
0.0038748787999999773
0.004003491666666648
0.004055029600000045
0.00418571399999994
0.00417805066666667
0.0042616197333333735
0.004137469066666603
0.0043074655333332915
0.004414899266666694
0.0044599748666667455
0.004372595733333314
0.0044808220000000475
0.004630988333333382
0.004491769200000028
0.00466877780000002
0.004684385399999987
0.004841105600000084
0.004752477733333234
0.004698737400000219
0.004655402400000005
0.004920584133333605
0.004717657400000045
0.004833356199999924
0.004976561133333312
0.00476890860000001
0.005113121733333278
0.005193510133333194
0.005210424866666704
0.005227773866666752
0.0052389346
0.005206130133333353
0.005259425399999884
0.005211029666666711
0.005393972266666521
0.005470171600000088
0.005441859000000152
0.005412232200000015
0.0054461161999997875
0.005542246199999923
0.00582449846666678
0.005691691800000124
0.005695870866666712
0.005656520733333418
0.005805837000000124
0.005571352066666672
0.005711448666666581
0.0057991973999998924
0.006104079799999992
0.005900957733333397
0.005917049866666761
0.006235163133333425
0.005991134866666788
0.006282331666666726
0.006592652666666746
0.006582250600000172
0.006638786333333376
0.00657005366666669
0.006612121133333323
0.006576185666666786
0.006566775400000206
0.0071062636000000625
0.006589532666666524
0.006675533933333118
0.0068311399333335745
0.006804221666666876
0.006990342066666599
0.006970104199999956
0.007067341333333488
0.007020282133333448
0.007125089800000239
0.007291917466666575
0.007297156466666621
0.007171501200000089
0.007131642333333588
0.00747311346666694
0.007451042666666652
0.007685609666666693
0.007264191133333379
0.007778415133333164
0.007557147466666573
0.007641142066666972
0.007644652800000174
0.007693757999999917
0.007731844199999926
0.007780592333333421
0.00782219666666665
0.008048450666666677
0.007782583200000441
0.008281954533333172
0.008098081733333729
0.008143806533333138
0.00790895166666689
0.008152014800000155
0.008158117933333386
0.008107832066666631
0.008342900466666473
0.008373218533332978
0.008368764399999644
0.00847043499999991
0.008376300466666702
0.008358757066666674
0.008458006466666628
0.008604586066666779
0.008521003133333238
0.008627925999999776
0.008946513000000067
0.00876034693333357
0.008665119599999709
0.008655888733333466
0.009145278933333383
0.008829527933333144
0.009103897533333457
0.009140526733333468
0.009372523866666664
0.008825012533332928
0.00899084839999998
0.009266855533333403
0.010203805733333127
0.00976235706666652
0.009109607399999812
0.009412116133333015
0.00933059820000004
0.009444861800000008
0.009563043066666665
0.00945961446666672
0.009506079933333448
0.009346203399999335
0.009533876400000925
0.00965843039999991
0.009885661133332727
0.009855556400000154
0.009478751133333437
0.009742012466666238
0.009787136733333313
0.009747287066666626
0.009826130533333099
0.010137849666666436
0.00998420799999972
0.00972236046666642
0.010517651066666408
0.009796793400000326
0.010312924666666135
0.010597095999999577
0.010555188333333613
0.010147416399999543
0.010183935400000147
0.010299916200000089
0.010526092866666422
0.010559147533333401
0.010331559599999688
0.010532412066666552
0.010571453199999562
0.0106838111999996
0.010743067066666374
0.01051976239999964
0.011184107466666877
0.010930165666666861
0.010984844866667487
0.010880026000000006
0.011166321266666302
0.010853333266666236
0.011245145733332625
0.011291973533333296
0.011266273666665683
0.01111623026666635
0.01081686153333313
0.011490442466667142
0.011199156000000226
0.01126009466666673
0.011252768266666872
0.01128230473333384
0.011569800933333358
0.011903923799999442
0.011268193999999928
0.011541108999999732
0.011283020666666725
0.01147329980000033
0.011644350666667217
0.011820212733333335
0.011739783933333333
0.011978115066666817
0.011705878599999409
0.011866723533333593
0.012265660399999944
0.012114519066666437
0.01196163220000012
0.012024282999999988
0.012042995400000223
0.012760905866665931
0.01242142233333349
0.011981836400000152
0.012154797933332635
0.012781068399999877
0.012662193599999937
0.012448165333332876
0.012799879266665688
0.012581751800000044
0.012309335799999844
0.012796695933333761
0.012858608600000092
0.012662100199999788
0.012497030066666307
0.01256779126666648
0.013228535733333047
0.012848305599999795
0.012676256400000105
0.01278018980000013
0.01300999706666796
0.01314066806666716
0.013273859533333621
0.012981465266667177
0.013187660066666258
0.012966124133332832
0.013254280733333701
0.013404688533332869
0.012855819533334057
0.013540149666666916
0.013087860533334586
0.01370903733333364
0.013450663799999063
0.013270127133334123
0.013714419199999384
0.013503230133333469
0.013486601866667532
0.013564486399999964
0.014145729266666743
0.014264066200000513
0.013658090066667228
0.014205616866667489
0.013685913866666037
0.014080680666666012
0.013575001466665999
0.014325356199998869
0.014204007333333853
0.014154274466667971
0.013798962733332587
0.014539005199999622
0.014430758866664917
0.014659636200001103
0.01407877139999935
0.014571645733333582
0.015092411733332749
0.014368201933334036
0.01422386686666736
0.014763510200000003
0.014506842333334664
0.014786098533333814
0.014347736266667254
0.014816153666666783
0.015213313999999893
0.014699931133333167
0.015153796466666354
0.015097858733333188
0.014581231133333953
0.015181927066667338
0.015113687866665752
0.015563707066666647
0.01526650866666633
0.015411915666666214
0.015941277866667273
0.015523252999999215
0.015480847533333985
0.015481230799999442
0.015110519466666498
0.015611721333333625
0.025347903933333762
0.01690463879999887
0.015693868666666333
0.015586585399999346
0.015966690733332692
0.016478335133334097
0.016025536800000375
0.016264599066666583
0.0160279579333339
0.016410987733332168
0.015985605266665932
0.01633481033333387
0.015991780399998844
0.016744502866666268
0.016637488200000425
0.016403854333333356
0.01649655220000028
0.01679308493333309
0.016405631999998605
0.01676451719999979
0.016650727333332328
0.01681275793333204
0.016948320000001616
0.016750590933332414
0.01625692053333362
0.017408876133332758
0.016960243999999135
0.01678628580000113
0.01759239199999788
0.017101591466666358
0.0164722948000005
0.016792929399998494
0.017369804266667187
0.01689484253333357
0.01718404553333291
0.017041375666665696
0.017370693866666898
0.017169737399999482
0.017138412666666623
0.017501410466665847
0.017402320600000583
0.016875654666665223
0.017257252533332233
0.017026950266666556
0.01746541979999942
0.01723949419999921
0.017116453200000117
0.01824613180000038
0.017183604933333166
0.017212722466666244
0.017898293266667527
0.017762602466665573
0.01768361386666726
0.017665656333332908
0.017798573066666754
0.01738536520000101
0.01735071180000034
0.017607171866665775
0.01800671726666773
0.017606306533333792
0.01771744020000104
0.01768616979999867
0.018182991000000943
0.01794483786666632
0.01819668466666684
0.018626928333334073
0.018387192066666575
0.018135929733334423
0.018420495866667372
0.018252769666667255
0.018168048533333567
0.01834380420000059
0.018814726933333265
0.01837062333333298
0.01883538253333228
0.018587472800001118
0.01946044719999994
0.018665602333333215
0.018432562666665337
0.0189366878000025
0.018951873399999878
0.018987313800002424
0.018977714466666386
0.01932485466666757
0.018966800066669974
0.018941642400001037
0.019221126799999412
0.019184849466667705
0.019149823200000544
0.020716684199999235
0.020512745866666175
0.019031878066666272
0.019948541933333293
0.01907444173333204
0.0194586906000031
0.019081193799999598
0.01958389580000149
0.01934335493333113
0.01976011313333193
0.020208701200000217
0.01968738046666753
0.01994982220000073
0.019753485199999924
0.019960293199997637
0.019986600266665277
0.01987733686666881
0.02013353526666606
0.019833442533333332
0.02024282173333347
0.02037902619999746
0.019757735199999616
0.020264295066669054
0.022325214399996678
0.020127713600001585
0.020263372666667577
0.02009259519999868
0.02103581406666895
0.020686723866667953
0.021276699133334395
0.020234202333332972
0.020627884999999915
0.02088673873333278
0.020886189933335686
0.020542702266667826
0.02082833006666836
0.020899845600000806
0.02100111780000115
0.020957389466663773
0.02108064313333197
0.02079522480000264
0.02080671906666775
0.021159277400000558
0.021387189933333654
0.02080092353333119
0.021097062133335953
0.02089257993333149
0.02128453326666791
0.02150912333333205
0.021271745066667336
0.02141556406666325
0.02164936653333219
0.023197496266666916
0.021532665533332343
0.02164357386666893
0.021359916800000177
0.021610642066665756
0.021795544466666192
0.0222340833999984
0.022614454266667396
0.021348880399999833
0.022212101799998624
0.02220490446666853
0.021707411400000372
0.022005819133333184
0.022807491066665384
0.02216428260000214
0.02223304639999905
0.02233010433333315
0.022366999666668146
0.022285546999998473
0.022123710400001072
0.022456435466664478
0.022522759066666252
0.022706303399999683
0.022450432600000642
0.02213401613333114
0.022873736999999512
0.02286096333333584
0.0225982521333331
0.022715539733333876
0.022923755266665086
0.02333069693333319
0.023046156266665698
0.023174614733334428
0.02289172193333305
0.02289286159999809
0.023078382333334466
0.023127054466668066
0.02315504633333205
0.023066694599999476
0.023689315666666745
0.023159712399998967
0.023151642933331117
0.023596429599997273
0.02317053719999933
0.02239805319999751
0.022248387200000743
0.022248003466667873
0.02174118019999772
0.02131857346666569
0.021431291600000197
0.0214996316666704
0.021448446000002265
0.020996514733332104
0.020823848999998517
0.020746498466667162
0.020605954466668665
0.020872956066667333
0.021148952600000825
0.021431051199999728
0.021379085933329142
0.021981730333334327
0.021986454066665335
0.021689299333331746
0.021719410800002
0.022105427133331544
0.023844208333333464
0.022162776200002555
0.022461217599998425
0.02238507473333584
0.02231681533333282
0.02228041813333448
0.021845700466667495
0.022071907000003912
0.022651236266662524
0.02261789386666635
0.02253791933333673
0.022479372400001314
0.022464537266666678
0.02244527253333312
0.022782753266666116
0.022799764066667193
0.022616655733333837
0.02306840753333385
0.02285392740000134
0.02252111679999776
0.02235028546666342
0.022788590400001377
0.023851660133333515
0.023225281800001576
0.023284388133330936
0.022458282200000214
0.022740102733333364
0.022983258866668167
0.022892299266665837
0.02333598806666733
0.02311977553333217
0.022622963733332804
0.022812012666664334
0.023046953000001244
0.02352447766666804
0.023458729733332954
0.023009750400001396
0.023487850400000336
0.023449039599999347
0.023736719933333462
0.023534090133334948
0.023509284266668828
0.025561993200001135
0.023099772466666006
0.0230791527999988
0.02418668900000114
0.024033844933333624
0.02370693453333388
0.023976783666665825
0.02399579013332982
0.02366876566666747
0.02349679019999845
0.024197898466665417
0.024222823133332363
0.024092297333334046
0.0237462573333327
0.024677481533331994
0.0241016519333319
0.02441465273333089
0.024072656333333952
0.024080296666661147
0.024115387599997953
0.024369954600003515
0.02414902799999936
0.024696202066669077
0.024101224200002967
0.024572202533329347
0.024524775133325724
0.024854909533333587
0.024503378466662677
0.02411406473333007
0.024456896866659385
0.025137595200002732
0.02429488993333469
0.025211323533335418
0.024602135799996934
0.024925846000000244
0.024736662266661824
0.02509896413332816
0.025281148466662746
0.025350207599998006
0.024950660933329042
0.02515785939999849
0.024999895066667933
0.025143344933335737
0.025455506133332997
0.025570952599997553
0.02516087126666283
0.02713669660000164
0.026412752400002168
0.02647216500000127
0.026233311400001944
0.027025133666664185
0.026920700933334273
0.026484927066659718
0.027513684999996714
0.027168317266663657
0.027650872800001024
0.02699698046666299
0.02746604520000157
0.026949111733337836
0.02704941859999887
0.027223065333328123
0.027356377333334573
0.027894488333331916
0.026998578866664503
0.02818205973333458
0.02703136973332979
0.028197924066669582
0.028062324933334062
0.027358151066664504
0.027479439466662824
0.027632274399996958
0.028034504999999398
0.027338866466665952
0.028148016266662048
0.02728007373333791
0.02779522500000174
0.027437558799996018
0.0277134440666714
0.028057781600000452
0.029175459200001797
0.02935155826666763
0.029637742466667304
0.029059437000002693
0.02955849893333114
0.029808577866668885
0.031683380666665546
0.03006624980000462
0.029995461666663913
0.02988843480000014
0.03058846179999932
0.029641304466665967
0.03048837766667134
0.030172136133326907
0.03162943526666216
0.029966458733336292
0.02972695640000135
0.030137928466668504
0.030296238466672776
0.030511436133334277
0.030085017999997868
0.030740205800001755
0.029964247266665703
0.029830186066667843
0.030797106933331028
0.03085523193333112
0.030832538800003324
0.030634520133334793
0.03020340100000188
0.031012765000002673
0.030888942599998852
0.030566340466666966
0.030744059999996885
0.031122111066669806
0.030860045866660357
0.03033144046666886
0.0315367864666617
0.03061530280000208
0.030326324666666928
0.031054661066667676
0.030992226133334574
0.03098808473333179
0.03145781759999598
0.030603406866670943
0.030956866133330627
0.03103427626666265
0.03147730766666541
0.03170292386666726
0.031955033466668205
0.031489740599996215
0.032292022533336726
0.0315942636666667
0.031920791599996313
0.03220090153333786
0.03201024653333775
0.031315147866663055
0.033303587600003466
0.03434017040000489
0.033879367400006306
0.03368770806666627
0.03412051813333695
0.034548977066663156
0.037950858933330285
0.03385295193333112
0.03442265453332993
0.03448716993333013
0.03469298320000007
0.034688373066666146
0.03442023526666465
0.03434775046666611
0.035023668133336135
0.03425052766666568
0.034872417266666386
0.0361864962000008
0.03515547246666794
0.03466978439999669
0.03467232573333566
0.03418368386666089
0.03527036633333106
0.03628487506666715
0.034986581133334006
0.03515339193333299
0.03446647760000019
0.035266044200000124
0.035341423533331334
0.03524838233333678
0.03489423800000016
0.0360538958666685
0.0345362726
0.03525896799999562
0.03542896799999842
0.03373955686666932
0.03434102226666103
0.035702938933335794
0.0352553859333284
0.03565066553332864
0.03561118380000418
0.03582784266667431
0.035129273533338314
0.03624200206666425
0.03555884286666166
0.03565924360000281
0.03740416279999863
0.03521155899999637
0.03580880039999859
0.03613421406666362
0.036778298400003
0.03613922680000504
0.03586212526666562
0.03652281173333639
0.035553290266665274
0.03646844860000253
0.03681743913333548
0.03698009686666713
0.03680656560000178
0.036389086733330106
0.03723695560000048
0.03674570813333465
0.03615813666666365
0.036635397799998755
0.036539474466667346
0.03678747359999761
0.03613456953333412
0.036897680066664405
0.03747298813332804
0.03693287559999779
0.03661375673333964
0.037360720200001654
0.03751471739999488
0.03719991413333522
0.03777996399999969
0.03720288860000475
0.03725628513333656
0.03766054553333523
0.04162359500000245
0.0396697230666651
0.036957417133330256
0.038888613333333905
0.0375231102666703
0.03661147973333148
0.03790464846666737
0.037310939999999466
0.03754812186666641
0.037475514266666704
0.03773165626666544
0.037325556066667785
0.03738011599999709
0.03999578626666676
0.038043413533330295
0.038089824733333444
0.03857497206666949
0.037890356466668135
0.038838812533333565
0.038367563400004204
0.038139874466664496
0.03796014366666516
0.03826748986666454
0.03940966106666792
0.03886428073333832
0.03820947286667054
0.03874579779999863
0.03856517806666489
0.03850990306666517
0.03856717480000308
0.03883222546666427
0.038751999733337546
0.03853433853333854
0.03859545126667096
0.03910744086666303
0.03793035846666726
0.039105058533338406
0.03927019726666382
0.03972851019999932
0.039401647266665424
0.03936145726666685
0.04273335286666603
0.040924772333331326
0.03983354600000363
0.04282135933333583
0.03866644920000037
0.03934784940000213
0.03904462173333248
0.038851885599996194
0.04111518640000137
0.03951304113332791
0.039467929199994006
0.0410050856000017
0.03944598513333517
0.03984828693333308
0.04065699079999755
0.039341480466669056
0.03953270386666645
0.0402298000666633
0.039532896666670085
0.04004212786666509
0.040439775333334184
0.03953820473334417
0.03972769666666712
0.03994011346666184
0.04057152313332987
0.04085431233333262
0.04032403826666193
0.041763738799996494
0.03991551646668086
0.04142297846665694
0.0409681956666797
0.040629100999994235
0.04012625486666366
0.040032352066665076
0.040416520600012974
0.04289189906666782
0.04085591013332154
0.040678838266671846
0.041229264533334725
0.04033007606666767
0.04011715799998683
0.04088579706665693
0.040958538600007914
0.04126835933332889
0.040880287600005734
0.039832897333337766
0.03878789353333711
0.039691433600000894
0.038680457999995116
0.03942518319999332
0.03920551119999042
0.03993036346666941
0.039888751333334464
0.039563600799999675
0.038634549400001106
0.039648137400001816
0.039909610466660674
0.03890257959999796
0.03968679346667159
0.039389763399992714
0.040074395000006764
0.039601215466666416
0.03913352999999612
0.039265191666671244
0.04051809786665596
0.03911935700000034
0.04033657259999472
0.03986384713332806
0.040367258933338236
0.040514915266669504
0.03976273120000163
0.03966472186666579
0.04112362486667583
0.040079957599986456
0.03972471546666914
0.03978327353332815
0.04025140766666103
0.04001001560000835
0.04124250166666646
0.04033227353332904
0.04090359139999767
0.0400110689333322
0.0405857128666715
0.040640366800012845
0.041774647133335445
0.04132904019998781
0.04113990553333148
0.039576404533329425
0.041173035000000864
0.041084319733336844
0.040740747999988496
0.041329059133329335
0.041675645866666854
0.04113904626665317
0.04106548526666529
0.03847381119999606
0.03941022739999577
0.038921604533334174
0.038964969533325684
0.03943061720000287
0.03865274900000486
0.038850087133327334
0.03934654226666983
0.03918125893333505
0.03985028026666745
0.038777354933339815
0.04011405126666432
0.03939666886666752
0.040809776933334284
0.03947116013332561
0.03915964266666758
0.039434602000005724
0.04060156053333609
0.039905954733330876
0.03967573206667036
0.03916730359999671
0.040613137866663845
0.03976464873332664
0.04004307626667014
0.040070305533333794
0.04029125426666269
0.04085553826667668
0.04002864673333306
0.0398933668666776
