1.3173333333338366e-06
6.05306666666694e-06
1.023413333333297e-05
1.4204066666665776e-05
1.9704933333333786e-05
2.4709600000001147e-05
3.0438666666667467e-05
3.280120000000071e-05
3.804433333333366e-05
5.498800000000026e-05
4.683586666666684e-05
5.348779999999979e-05
6.131060000000021e-05
6.853546666666654e-05
7.075720000000035e-05
7.46301999999995e-05
7.375019999999964e-05
7.919086666666556e-05
8.954453333333325e-05
8.741646666666538e-05
9.896566666666625e-05
9.937126666666693e-05
0.00010824419999999937
0.0001090828000000002
0.00011855426666666641
0.00012088293333333232
0.0001182619333333329
0.00012899739999999992
0.00013520659999999944
0.00015451619999999887
0.0001636936666666644
0.0001844299333333327
0.00016071393333333682
0.00018168999999999916
0.00017590706666666586
0.00017289273333333336
0.00018918753333333204
0.00019543560000000182
0.00019498613333333303
0.0001988710000000014
0.00020044906666666918
0.00020394653333332863
0.0002313794000000008
0.00022921639999999948
0.0002446163999999991
0.00024164606666667404
0.0002460004666666682
0.00023560099999999455
0.0002560125333333348
0.00023423719999999816
0.0002465713333333286
0.0002431816666666679
0.00029075846666667217
0.000279408866666662
0.00029978506666666536
0.0002930601333333338
0.00030386779999999614
0.0003007488000000021
0.00030441893333333356
0.00030556239999999607
0.00030385306666667054
0.00031602606666666737
0.0003309992666666706
0.00034777973333333285
0.00035655986666666324
0.0003358475333333333
0.0003568853333333307
0.00035123899999999576
0.00037249866666666704
0.00035736859999999646
0.0003489891333333291
0.00033709326666665854
0.0003233117333333387
0.0003594233333333382
0.0003389410666666722
0.00033528913333333115
0.00032841059999999533
0.0003184486666666708
0.00030613553333333303
0.000335670666666669
0.0003576230000000069
0.0003735516666666568
0.0003494480666666651
0.0003372685999999995
0.00041309753333332864
0.0004003368666666544
0.00040078886666666813
0.0004162155333333306
0.0003904387333333389
0.00044017093333332445
0.00043941286666666636
0.00042426780000000367
0.000415399600000003
0.0004095090000000005
0.0004209892000000141
0.00045574126666666495
0.0005436803333333332
0.0005651127333333358
0.0005519882666666883
0.0005397384000000005
0.0005084528666666644
0.0005391278666666665
0.0005184639999999963
0.0005228300666666612
0.0005188897333333386
0.0005251071333333357
0.0005499749999999803
0.0006185017999999968
0.000613985466666674
0.0005809947333333362
0.0005631031999999703
0.0005485574000000012
0.0005869335333333226
0.0006650772666666841
0.0006376112000000026
0.000629890866666664
0.0006057064666666816
0.0005593922666666806
0.0005960820666666959
0.0005623396666666706
0.000545319733333353
0.0005064655999999908
0.0005462361333333332
0.0005551282000000028
0.0005087561333333361
0.0005657074666666725
0.0005576262666666665
0.0005343921999999927
0.0005522222666666762
0.0005661228666666629
0.0005551922666666709
0.000528791200000008
0.0005814568000000057
0.0006062684666666558
0.0005670710000000115
0.0005729653333333307
0.0005955977999999954
0.0005864420666666703
0.0005704243999999988
0.0006187386000000128
0.000592831799999997
0.0005891488000000055
0.0006394001333333306
0.0006457392666666524
0.0005903719333333409
0.0006496502666666497
0.0006294549999999936
0.000617723066666683
0.000661656999999997
0.00064528619999998
0.0006224898666666793
0.0007198637333333258
0.0006693058000000122
0.0006437693333333439
0.0006909550666666763
0.0006944665999999729
0.0006631937333333226
0.0006891692666667115
0.0006938894666666565
0.0007441952666666622
0.000776515466666646
0.0007076057333333275
0.0007048059333333375
0.0007062537333333285
0.0006852170666667028
0.0007359381999999748
0.0007303055999999882
0.0007553056666667057
0.0007605686000000222
0.0007064210000000533
0.0007638434666666397
0.0007690235333333462
0.0007104821333333344
0.000785055133333327
0.0007342257333333564
0.0007721711999999788
0.0007803269333333566
0.0007426246666666358
0.000797344666666655
0.0007571259333333173
0.0007721520666667055
0.0008412462000000194
0.000794410733333321
0.0008495647333333227
0.0008033227999999948
0.0008314232666666755
0.000785485866666639
0.0008232095999999966
0.0008092363333333333
0.0009295824000000507
0.000900620133333326
0.0008134400666666745
0.0009107998666666746
0.0008279693999999764
0.0008478204666666489
0.0010405475333333137
0.0010563736666666954
0.0009435534000000079
0.0009705368666666381
0.0009443419333333629
0.0010001150666666774
0.000930114933333348
0.0009129526666665999
0.0011194015333333418
0.001149967133333322
0.0009917999999999871
0.0010173136666667157
0.0009299863333333806
0.000990197199999976
0.0008975011999999912
0.0009491997333333243
0.0009112278000000066
0.0009360628000000037
0.0009048008666666736
0.0009391060000000302
0.0009057357333333164
0.0009646865999999902
0.0009371263333333157
0.0009633702666666632
0.0009276201999999826
0.0009522236666666591
0.0009275706000000087
0.0009973291333333911
0.0009739917999999589
0.0010498899333333256
0.0010600652000000228
0.0010503712666666647
0.0010057362666666533
0.0010368024666666347
0.001049710466666672
0.0010646190666665945
0.0010036924666666576
0.0009871667333333594
0.0010832065333333436
0.0009887588666666206
0.0010304631333333998
0.0010196442666666528
0.0010297590666666838
0.0010511105333333918
0.0010266674666666493
0.0010678798000000119
0.0010619739333334265
0.001148198333333313
0.001074699866666684
0.0011475260000000098
0.001114804133333358
0.001307716666666714
0.0013703692666666414
0.0013179388000000476
0.0011861668666667195
0.001151860600000069
0.0013984355333333494
0.0012596511333333874
0.0012510743999999778
0.0011412808666666349
0.0011070110666666188
0.0012178393999999907
0.0011627239999999854
0.0012273580000000746
0.0011654630666666202
0.001246560666666685
0.001457604200000103
0.001305783600000036
0.001286193466666615
0.0013289019999999615
0.0012192797333334226
0.0014261725333332364
0.0013922580000000314
0.00129943826666666
0.0011837912000000135
0.0012306290000000015
0.0012000300000000112
0.0011843595333332975
0.0012434768666666448
0.0013023222666667185
0.0012359860666666537
0.0012848639999999633
0.001241700000000042
0.001213530733333279
0.0012473568000000768
0.0012084419333333151
0.0012108906666666937
0.001271539999999997
0.0012256741333333506
0.0012238749999999854
0.0012540745333333861
0.0012224087333332948
0.0013479267999999915
0.001333754333333322
0.0012699419333333554
0.001293864733333283
0.001363595600000019
0.0012958785333334018
0.0014600483333333672
0.001371957866666751
0.0015653573999999597
0.0014377807333333752
0.0016990473333333847
0.0015931540000000113
0.0015066995333333406
0.0013582960000000218
0.0012976516666665995
0.00135951573333332
0.0013677967999999653
0.001339893866666634
0.0013437181999999658
0.0013854653333332874
0.0013599975999999774
0.0013877267333332868
0.001411212466666593
0.0014228281333333352
0.0013981123999999845
0.0014422700000000196
0.001498955200000148
0.0014483136666669338
0.0017379537333333417
0.0017060071333334056
0.0015628198666666649
0.0015251600666668825
0.0014822686000001066
0.0018014328000003133
0.0015736431333333912
0.0014560867333333505
0.001451552799999926
0.0014473375999998577
0.0015074418666666035
0.0015143045333333067
0.0015806522000000693
0.001633799666666628
0.001716394533333343
0.0017934858666666406
0.0018433792666665858
0.0016664714666667635
0.001581045799999951
0.0015638036666665892
0.001669631666666523
0.0017358962666666144
0.0015694560666666155
0.0015271097333334539
0.0014817696000000305
0.001547823799999885
0.00150915213333338
0.00152520686666661
0.0014843112666667344
0.0015362231999999309
0.0015976968666665315
0.0016826344666667362
0.0016657144666666567
0.0019535502666666225
0.00170775153333332
0.0016275514666668064
0.0015673697999999921
0.0016330361333332397
0.0016562557333334265
0.0016060062666666635
0.001649653799999958
0.0015838714666665866
0.001564863666666779
0.0016092742000000844
0.0017494260666668518
0.0017114226000000342
0.0016448657333331931
0.0019762614666664884
0.0017842025333332974
0.0017290494000001524
0.0016646057333334833
0.001708875266666728
0.0017959827999999808
0.0017158695999999196
0.001766339866666596
0.002004097266666586
0.0021839432666665103
0.001918012599999841
0.0019453149999999772
0.0020234115333333117
0.0018112042666668178
0.0017449968000001093
0.0016691529333333103
0.0017234979999999566
0.0017114837333333337
0.0016777720666665866
0.001713025199999881
0.0017670907333332763
0.0017788632666667563
0.0018877829333333077
0.0020781699999999977
0.0018942885333334658
0.0017741796666666569
0.0017806135333334084
0.0017379754666665785
0.001766823733333389
0.0017322190666667107
0.0017511001999998518
0.0017628236666666316
0.0017155570666668395
0.001742555733333262
0.0018228105333334336
0.0017769861999999748
0.0019095516666666867
0.0018458784666666617
0.0018425581333332275
0.0021962314666668092
0.0019182100000000684
0.0018926407999998673
0.0018648901999998321
0.0018218705999999566
0.0018370041333331717
0.001835766000000009
0.0018287436666666915
0.001851975933333468
0.001857846599999983
0.0019010242666666955
0.0020546197999999904
0.0019013027999999822
0.0018246245999999763
0.001862366133333282
0.0020938429333332564
0.001926871933333274
0.0022844242666666403
0.0021592539999999143
0.002022292600000064
0.0020813937333334326
0.002175321533333315
0.001978715866666647
0.0019155717333333062
0.0018646308666666537
0.00197042206666674
0.00205813446666685
0.0023616116666666186
0.0022562739333333564
0.002406659066666587
0.0022473648666665605
0.002311373133333383
0.00203641706666667
0.0020145546666665718
0.002089362733333407
0.0023839080666666844
0.0021634168666666417
0.0020923630666666543
0.0020427668666667268
0.002007049733333351
0.002105174666666502
0.0020069064666667913
0.0020901194000003897
0.0020710782666666224
0.002041690933333366
0.002046957799999897
0.001989351666666887
0.0020244165333332138
0.002188664599999631
0.0021467069999997553
0.002104405199999822
0.0021283593333336626
0.002324885933332984
0.002367010133333262
0.0021480855333329885
0.002487303066666276
0.0021776144666665925
0.0020695762666666914
0.002095240733333033
0.0021879184666666164
0.002586005399999891
0.0023377345999999
0.0023569991999998763
0.00240651093333355
0.002169290266666361
0.0021258972666661435
0.002192141733333486
0.002146893733333262
0.0021767335333333195
0.002190778133333519
0.0021015338666667085
0.002092125333333428
0.0021258963333333253
0.0021342857333330302
0.002147627733333124
0.0021456540000000263
0.0021383318000003965
0.0021766081333334836
0.0021676842666667065
0.0022057873333335937
0.002322839733332908
0.0022903187333334074
0.0026439390666665712
0.0022610488666667075
0.0021951676666666013
0.0021797994666669022
0.0022016416666668687
0.0021722025333333526
0.0022216166666670033
0.0024136373333332036
0.0021769438666668843
0.002226080666666519
0.0022819032000003384
0.0023973290666667426
0.002428661600000126
0.0023353348666664904
0.0022267365333330956
0.0022464430666668516
0.002214491533333529
0.0022576266000000327
0.0022498157333333308
0.002259506666666411
0.0022314229999999212
0.0023047627333334948
0.0024265027333335355
0.0026556973333332697
0.002647564533333243
0.0027999990000002603
0.002414604999999881
0.0023877009333334105
0.0023719711999999524
0.00234253406666672
0.002281098333333394
0.002297632599999962
0.0023231964666668623
0.002366025799999723
0.0023175546666667655
0.002354140533333293
0.002350114199999709
0.002407180666666875
0.002361452266666575
0.0023487099333336183
0.0023958215333330203
0.0024222485999999322
0.0027078996000001374
0.002405554199999926
0.0023911675999997327
0.0024183990000002115
0.002479809733333009
0.0028039331333336768
0.002674249799999847
0.002944696333333141
0.0025818916000001006
0.0026420710000000015
0.002826267400000167
0.002485561399999862
0.002461403466667041
0.0024241216666664417
0.0024827174666668837
0.0024913295333330865
0.0024258473999998623
0.0025446287999997706
0.002473639666666827
0.0024533894000001054
0.0024347326666666427
0.0024315550666665093
0.0024692448000000885
0.0024858949333329623
0.002503994466666389
0.00248404906666669
0.002594693933333403
0.0025521671999997626
0.0026171794666664046
0.003022754933333497
0.0027010438000000174
0.002589151000000219
0.00258240040000004
0.0025254006666663997
0.0025745252666668013
0.0025478907333332285
0.002573121333333361
0.002581714400000242
0.0026643042666666616
0.0025168114666663873
0.0027126929333334713
0.0026851108666669176
0.0027256204666667116
0.0029902949333330043
0.0032035581333332173
0.002885669466666485
0.002647582533333311
0.0026341451999999303
0.002727930733333513
0.0028714454666663634
0.002682385600000122
0.0029753785333335022
0.002887948399999729
0.002684496666666429
0.0027018159999998423
0.002630256733333051
0.00279954026666663
0.0027127072666668067
0.0031006571999997825
0.0027458701999999373
0.002712494733333415
0.0028017519999997613
0.0027127808666665013
0.0027458619333336526
0.002687154000000073
0.002721640399999714
0.0027843675999996266
0.0026357118666665495
0.002741490266667057
0.002648639999999721
0.002865675400000001
0.003206833999999977
0.0028679309999996385
0.0028014606666667183
0.002754721799999871
0.002819120333333321
0.0027305241333332713
0.0027570459333333018
0.002794240666665952
0.002690943999999836
0.0027336177999997585
0.002830992800000113
0.002978466933333479
0.0029239595333333313
0.0027830084666666957
0.0027364745333334404
0.0028429492666666315
0.0027861867999999864
0.002779829266666785
0.002779792000000114
0.0029449096000001636
0.0029124522666666764
0.0031421162666666427
0.0034245732000001065
0.0029678585999999285
0.0029856126000000907
0.0029969369999997514
0.0032410960666665527
0.0029943102666667443
0.0029230441333332633
0.003015288066666718
0.0031089865999997337
0.0029024085333330635
0.0030093515333329416
0.002962597000000026
0.002906015066666138
0.002889455599999735
0.002963452200000205
0.002897686800000088
0.0029764063999998315
0.002938447800000432
0.003382153266666184
0.003073849733333844
0.002955926066666592
0.0029440838666666023
0.0029861127333331203
0.0029870028666669174
0.0030573629999996873
0.0030228947333336958
0.0029834029333336786
0.003088791199999245
0.0029344156666664865
0.0029875107333332098
0.0029578424000000327
0.003034641466666462
0.0029694507333336635
0.0030765943333328494
0.003053923333333349
0.0035831696666659713
0.0033305973333331925
0.0036863114000001457
0.0035027153999998006
0.003116882133333121
0.0031485462666675326
0.003146990466667177
0.0031855522666669835
0.003338364133332779
0.0032921827999999207
0.003022228999999754
0.003216593999999636
0.0030634477333334096
0.0030534944000000525
0.0032410787333333247
0.0035644328000003613
0.0035708299333334042
0.003461801466666259
0.003158874266666582
0.0033219018666668394
0.0036533798666667392
0.003171322066666941
0.0031409387999995412
0.0030854842000006028
0.003114975800000271
0.002979445933332651
0.00312543466666663
0.0031076989333333432
0.0032917019333332576
0.003321211866667066
0.0033287368666663044
0.003571146133333514
0.0033442586000001977
0.0031772487999996695
0.0031710273333338534
0.0032933135999996923
0.0034533330000002136
0.0032445597333331006
0.003759491266666733
0.003464320199999804
0.0038949504666665764
0.003406300200000345
0.003260280399999734
0.003204141933333678
0.003499238066666758
0.003789731266666744
0.004092553866666767
0.0035413338666669364
0.003334059066666839
0.003300869933333672
0.003210752199999926
0.0032477209999998515
0.0033145375333331136
0.0034685229333324703
0.003415633600000471
0.0038132239333338682
0.003414973533333665
0.0033473878666666697
0.003389871933333903
0.003540383533332895
0.003906741533333028
0.0035366459333327307
0.0039010952666667245
0.0034661943333333055
0.00329719146666676
0.0033543299999995685
0.0035265356666667933
0.0033860054666668303
0.0034107263333330216
0.003380137266666831
0.0034790085333331906
0.004023516800000474
0.003754163466666919
0.003940532666666741
0.003682198133333022
0.003594339666666239
0.003832043866665913
0.0035342517999995475
0.0034552930666668165
0.003415806800000117
0.0034970750666666107
0.003523514999999596
0.003399717133333269
0.0034123048666674077
0.0034543081333329915
0.0034617624666672953
0.0036904377333326485
0.003855953266666745
0.0036327738666670937
0.0034531550666658953
0.0036555530666665466
0.0036053916666669277
0.0034832134666665125
0.0035058484000003885
0.003606416933333397
0.003607177933333124
0.003558230199999694
0.003639192266666432
0.003874952466666315
0.0034780780666665125
0.0036949943999999846
0.003420148533332205
0.003737130400000647
0.003995994266667443
0.003733969733332998
0.0036299588000003285
0.0037686154666670764
0.004077246400000216
0.003756927333332527
0.0036277646666661666
0.0037977649333337618
0.003700374000000058
0.0037304001333334706
0.003676306133333422
0.003548317466667091
0.003516675933332654
0.0036936688666666367
0.004003200599999701
0.004013219066666807
0.0036790926666666244
0.0036106016666664687
0.0036279111333338203
0.003904635733334061
0.003624416866666517
0.0035859303333329725
0.0035990764000002192
0.003781801666666714
0.0036933681333325787
0.00364780820000045
0.003645057733332872
0.003640031466666708
0.003722585199999884
0.0036090561333336287
0.0038045531333329072
0.003952550800000173
0.0039192531333334555
0.003859789933333483
0.003646025066666425
0.004718730799999567
0.0043984078000003516
0.0038104152000007236
0.003953978466666541
0.0037723689333333255
0.003760479666667038
0.0037144769333328515
0.003703118066666159
0.0037632406666666895
0.0038579893333332413
0.004109482799999853
0.003916059799999753
0.00386728660000036
0.004316872533333083
0.004008301599999934
0.003877013666666803
0.0038435593333332463
0.003904255666666027
0.004109712599999918
0.00382312186666572
0.0038218119333331894
0.003826333266667111
0.003844423066666754
0.0038047565999995924
0.0038526543333330682
0.004313229333334097
0.004066306800000063
0.003917509800000119
0.0039056524666667277
0.0038699581333332842
0.003963849066667062
0.0038917777333326836
0.003822723466666626
0.004231402733332127
0.004739344666667004
0.004460873933332721
0.004010558533333608
0.00386414966666635
0.0039182790666669595
0.0039899345333334205
0.004183805266666241
0.004171350466666723
0.003968538133332799
0.0039014166666663168
0.0039565839999996895
0.004124435266667111
0.004334596399999905
0.004146877266666375
0.0039326350666665155
0.003907880666667296
0.003908948066666795
0.003852137266666726
0.00412021853333305
0.0041542664000007315
0.004147059266666749
0.004560215666666304
0.004004820800000649
0.003921368266666766
0.0038934739999999597
0.004017401999999729
0.004469636533333225
0.004454303800000048
0.004238709200000556
0.003978214200000233
0.004008463266666951
0.003994334133333174
0.00404974773333322
0.00417154100000019
0.00460296666666622
0.004180656133332879
0.004136706866666865
0.004644839466666184
0.0041576607333335385
0.004349579933332848
0.00450350966666709
0.004341828666666932
0.004040098066666313
0.004156893000000158
0.0043231998666672196
0.004841270133332643
0.004205860066666389
0.004481004533333769
0.0049612442000002
0.004647855533333475
0.00411633153333284
0.004144426000000105
0.004090644333333416
0.004169969666666399
0.004338686200000079
0.004189691866666105
0.004650293733334365
0.004323270333333085
0.00466626966666676
0.004669146000000524
0.004459472466667099
0.004101846200000618
0.004227187533332236
0.004843303266666036
0.004276425600000285
0.004248586933333342
0.0043712601999989905
0.005028317666667685
0.0042310925999998975
0.004076913733333261
0.004153376866665799
0.004326006066666347
0.0042538464000003275
0.004376961333333421
0.004883139266667058
0.004325997400000384
0.004399867666666069
0.004648990000001163
0.0047131636000003144
0.0042447766666664204
0.0045242467333333515
0.004311769066666216
0.00423297493333242
0.004222739733333943
0.0042227732666669715
0.004533037666666454
0.004924318666666731
0.004471013399998943
0.004389230333333198
0.004331892866666938
0.004505572266666509
0.004988000866668093
0.004385797866667929
0.004486959133333339
0.004257310666667043
0.004340190133333503
0.004289585800001324
0.004230369666667381
0.004461860333333807
0.004941031866665923
0.004383613733333884
0.0044635398000001675
0.004485948333334022
0.004400895866667535
0.004365731266666728
0.004437892000002345
0.004738229333333758
0.004571727066667109
0.00514844213333466
0.0043997303333332145
0.0044056562666663504
0.004571949999999466
0.005011426133332956
0.004328847866666763
0.004327812600000413
0.004301955999999052
0.004343073533334518
0.004431736200000103
0.0046472859333344255
0.004532039199999361
0.004413477999999789
0.004426171666665842
0.004420567999999984
0.004641397799999444
0.004706255200000461
0.005035115533333112
0.0046707284000002385
0.005079284133332844
0.004775111733334351
0.004468599466666963
0.004552055733333778
0.004858760466667415
0.004604333666668481
0.004658064133334013
0.004700479466666726
0.0049486397999999095
0.004614033466667422
0.00499114326666709
0.004791362999999649
0.0046357807333322395
0.00468585606666636
0.0051595394000017334
0.006105838866665181
0.006215812066666615
0.006576326666668327
0.005976547199999516
0.005966721333334135
0.005838537666667776
0.0049627675333316764
0.004638351733333934
0.00471184166666679
0.004632453933331249
0.004622223066666227
0.0049269473333334686
0.004674371933334006
0.0047102280666668625
0.0046774926666662015
0.004649161999999762
0.004881157866666778
0.005333139533332106
0.005320086733334506
0.004988892866667053
0.004964138333333779
0.004780805599999856
0.004781206866666329
0.0049383557999997645
0.004709620066666294
0.0047091552666657325
0.0049205178666667845
0.00523532433333429
0.004708064733330749
0.005584319733333132
0.006257790399998934
0.006306840333333715
0.006153000799999594
