1.4427333307291217e-06
4.622133332077283e-06
8.463466665868205e-06
1.4104866661076206e-05
2.2030933331507184e-05
2.4474866665968876e-05
3.0009133335321774e-05
3.735299999902963e-05
4.2814000001574946e-05
4.3673733332146486e-05
5.225426666773577e-05
5.8143199997099755e-05
5.72030666679287e-05
6.559726667016245e-05
6.749340000169468e-05
7.565860000227075e-05
9.233339999923374e-05
9.518746666685729e-05
9.019486666564566e-05
9.840246666688775e-05
0.00011020186666238866
0.00010623993333448803
0.00011462280000008225
0.0001371067999969
0.0001344618666602552
0.00012647893333526857
0.00014345213333892085
0.00015052206666723577
0.00017875199999555964
0.00017623426666659724
0.00017987686667311208
0.00017739153332930376
0.00016665826666629376
0.00018741339999905904
0.00021041633333614604
0.00018201486666953316
0.0002114886666693868
0.0002303324000062427
0.00019783406666533664
0.00025827193333232876
0.0002641776000018581
0.0002352818000000904
0.0002561322666641293
0.00024806913333463854
0.00025410493333311024
0.0002572258000005453
0.00028494966666888405
0.0002909135999971113
0.0002949152000041977
0.0003230378666690588
0.00030859653333550343
0.0002984713999997742
0.00034683373333829575
0.00033282113333446735
0.00036019933333098685
0.00035291419999718224
0.00032665226666116117
0.0003390722666608781
0.0003517948666645528
0.0003346040666656336
0.00039281059999704364
0.00042964546666629153
0.0004121106666692261
0.00041690160000295385
0.0003673048666693527
0.00040939460000117834
0.0004079863333402045
0.00039615813333474155
0.00044753320000078624
0.0004332235333360283
0.0004685893333335874
0.00041567366666489156
0.00041981433333830863
0.00046272946666476856
0.0004306723333343143
0.0005518348000047506
0.0004783151333318377
0.00044341040000025106
0.0005393161333339928
0.000492957800001174
0.0005568464666661536
0.0005041267333353971
0.0005257769333316749
0.0005809356000005057
0.0005806873999991542
0.0005332613999977791
0.000542446466668404
0.0005638237333300822
0.0005904966000040683
0.0006215097333305645
0.0005854830666692124
0.0006364223333359102
0.0006478845999993155
0.0006181346666645974
0.0006661844666647691
0.000633961400003121
0.0006517711333363725
0.0007395923333319843
0.0006152414666701133
0.0007049695999967298
0.0009308686000016072
0.0007016400666638371
0.000705738266666837
0.0006735609999964254
0.0007646450000038385
0.0006787107333347345
0.0007367498000007799
0.0007487435333284035
0.000754554799999596
0.0007566628666703916
0.0007690569333287082
0.0007807639333331433
0.0008535884666666031
0.0008674694666657008
0.0008121601333338428
0.0008925028666681101
0.0008960496666607771
0.0008494422666691056
0.0008586640666692347
0.0008179568000021693
0.0008475027999982861
0.0008561256000007234
0.0008451902000066032
0.0009008427999977661
0.0009366934666672933
0.0008684406666683724
0.0009500182000029629
0.0008193742000003112
0.0008892500666661362
0.00082053286666716
0.0008985430666655248
0.0008503076666689442
0.0008591860666702663
0.0009975414666655523
0.0009933652666669938
0.0009500344666643438
0.0010350268666665366
0.0009658992666686572
0.0009678500666647475
0.0009083750666661672
0.000978097133332767
0.0009269009333327934
0.0009865482666687815
0.0009381939333328167
0.0009928158666658268
0.0009909350666608438
0.0010014046666640298
0.0010144692666680536
0.0010208666666680225
0.0010509098000018942
0.0010657476000005771
0.0010755569999976917
0.0009426025999952496
0.00110744406666754
0.0011900880666663245
0.0011524204666651864
0.0011412157333325012
0.0011616377999947266
0.0011688749333283492
0.0012601463999999396
0.0012608779333315094
0.0012750026666651592
0.0011910774666716861
0.0011183352000026995
0.0012106338666645418
0.0015097372666692385
0.0013226228000007723
0.001450006066664855
0.001365698400004097
0.0013826706666672333
0.0013795775333354263
0.0012917217333324516
0.00130283380000454
0.0014682488666646046
0.0013073060666689191
0.0013873964000026718
0.0013385369333301848
0.001545350333335212
0.0013388601333322943
0.0014491904666670053
0.001359629733330318
0.0012703901333357712
0.0013388078000048154
0.0014364989333330413
0.0013017884666661908
0.0013036137999980232
0.001303213199999694
0.0014094014000022525
0.0013978666666673689
0.0014793331333388929
0.001424718800001301
0.0014126682000039636
0.001320234533339241
0.0014296360666719466
0.0013395041999994344
0.001258815600001147
0.0015151317333296295
0.0015482206000001497
0.0015211860000041118
0.0013080350666674198
0.0014304788000060853
0.0015296890666661512
0.0016283126666640632
0.0014672369333330456
0.0016968924666646975
0.0019961666000047748
0.0019760651999983264
0.001765152200001315
0.0015826031999987813
0.0016403853333277615
0.0015510096000033021
0.0015444620000001426
0.0015943344666671541
0.001611438000001423
0.0017150194666707345
0.0017194576666611284
0.0014941844000001463
0.0017420575333308838
0.001513821466663027
0.0016214988666661157
0.0015315987333318997
0.001558060333333818
0.0016042647333316987
0.0017750594666684568
0.0016801478000009714
0.0016922754000063378
0.0017992322666676348
0.0017158435999988341
0.0017237823333402958
0.0017480385333347689
0.0016415106666651505
0.0017728108666631216
0.0017462460666649803
0.001747954333332776
0.0016278977333342936
0.0016518336666687598
0.0017708574000039334
0.0020282152000030843
0.0018152375333329474
0.0017237572000036985
0.0018924016666687748
0.001812459533330942
0.0018004613333327294
0.00172764346666933
0.001990232000000939
0.0017560654666624487
0.0018819651333368862
0.001909863999994362
0.0019088887333339245
0.0019160403333349527
0.002045586933331833
0.0019382642000001246
0.001978305066664158
0.002118483799997269
0.0018544420666690561
0.0020412270666668062
0.002019786199995603
0.0019704085333273726
0.001970553399998683
0.0018684030000012323
0.0017743754666620741
0.0018980321999985488
0.0019568679333284915
0.001992211666665374
0.0019750157333343547
0.0020192095333356973
0.0021978142666663797
0.0022549659333302922
0.002244734133336124
0.002279691066663266
0.002139554800002467
0.0018930603333330964
0.0018815900666671345
0.0019331219333309946
0.0019451552666642632
0.0019675424000013208
0.002116841133336796
0.001998665266662177
0.0021328828666734505
0.002026056199995689
0.0022983532000012017
0.0024287544666682
0.0021993433999928885
0.002312351733333647
0.0023116417333369555
0.002092861466663483
0.002276015066667014
0.0020453243333349745
0.002181926666660653
0.0021750980000054673
0.002204823399997243
0.002165117133330341
0.002178314466664233
0.0023196915999979715
0.0022025904666710026
0.0020622083333326677
0.0021893673333333178
0.0022188336000018203
0.0022111673333294374
0.002252767200004276
0.002360373533332449
0.002120454799997636
0.002200105600000294
0.0025255100666621883
0.0022547745999986547
0.0025704523999972176
0.0025679074666678996
0.0025968618000016858
0.002438917333332332
0.002543792666669257
0.0023248099333367613
0.002351272066666373
0.0026616808000028414
0.0023533419333375606
0.002338342933336435
0.002514038133332027
0.0023689424666656577
0.00252081473333116
0.002689248733330866
0.002857588466664159
0.0025330188666676653
0.002712867266664413
0.0025507599333290426
0.002574678733331363
0.0025642309333344807
0.0025801835333387163
0.0027613248000060747
0.0026324779999962783
0.002628870733332178
0.0024554951999978887
0.002619062933333301
0.002465664133330847
0.002628961000001103
0.0027228341333341175
0.00284732559999649
0.0028306629999993523
0.002487468933333048
0.0025804706666671486
0.002748664400000204
0.002690474399997811
0.0026990951333364893
0.0028794366000037524
0.0029212362666688326
0.0030820259333305938
0.0027243309999941327
0.0029258161333378515
0.0025549986666627924
0.002613862200003799
0.0025918255333389575
0.002449282799998779
0.002613262266663696
0.002786682399998123
0.0026427905333340127
0.002787522400001308
0.0027834909333250835
0.002822350666673401
0.0026554694666629077
0.0026775274666685314
0.0031772759333326423
0.002558854066666072
0.0027463083999994826
0.0027203650666649537
0.002749598400000271
0.002956412600000628
0.0031615960666632266
0.0028115562000020117
0.002808508999997154
0.0028340836666700397
0.0028333742666707923
0.0028221342000032718
0.00307066833333162
0.0027815018000031462
0.0028858308000034565
0.0031093492666703546
0.0028159819333363127
0.0029739139999984824
0.002807220133333506
0.0030109375333324806
0.0031845520666668866
0.0029403460666647635
0.002864737333334233
0.0032529067999954955
0.0028896131333340236
0.002934434199998274
0.0031339363333321066
0.00320999953333209
0.002961395866670576
0.0030225690000008853
0.002814909399997608
0.0031975633999953364
0.0028001264666670522
0.003399012799997081
0.0034042786666683847
0.0034395613999985623
0.0032262461333289138
0.003015290266660031
0.003559635999999955
0.0032214840666654255
0.003336630199997141
0.003073565399997354
0.003237856466669579
0.0032549071333373074
0.003079477199999777
0.0031507064000000657
0.00319276013333365
0.00303260986666866
0.0032475260000050334
0.003272419799996366
0.003133263066672498
0.0034711842000016684
0.00313934293333773
0.0029560000000003585
0.0029513392666691137
0.0035601947333323853
0.003317516000000372
0.0033287065999995018
0.003355123666667244
0.003227764933334735
0.00314395233333471
0.0033908806666659076
0.003291081799998589
0.0033318156666723555
0.0033944943333324316
0.0030837477999947774
0.0033696802000084364
0.0036615610666634285
0.00366797886666177
0.003003952333337641
0.003213984200003021
0.003022329066665937
0.003625455733333638
0.0034613709333295144
0.003019980466664644
0.003454772333331372
0.0032553436666679166
0.0030668776666648986
0.0036764414666625575
0.0035464377999990877
0.0034433865333312495
0.0034850516000062724
0.003931918200002353
0.0038185113999986697
0.0035473700000011378
0.003797196933334135
0.00373356793333528
0.0034212037333266683
0.003584411933333816
0.0036221321333376483
0.0036654348000013217
0.0034728529333354647
0.003469163266667389
0.00371906606666433
0.003990746266663336
0.0034820931999964464
0.0035915142000040607
0.003719340533331206
0.003964184199998044
0.004026747266667977
0.003780889066668654
0.003774038733333403
0.0035362811333319163
0.004055942133328471
0.0039028240666652892
0.003248847666668553
0.003799369199996742
0.004010150199998937
0.003793785266672482
0.003827547800005959
0.0038665480000001176
0.00391857753333132
0.004111845933334734
0.004109272000001359
0.0038694410666683626
0.0038894740666686784
0.0038688579333324923
0.0039055198666649933
0.0039061076000033762
0.00360101833333412
0.00392658459999969
0.003975908600002261
0.004052911266666115
0.004349547533335377
0.0038408576666654425
0.004070364866671146
0.003862299733331535
0.0037288875333369256
0.004183626800005414
0.0037122313333384227
0.0038553752666643957
0.003947616933334075
0.00366729380000379
0.0036857831333274287
0.004391736800003324
0.003753064600001229
0.003915861666668737
0.003980399466665101
0.0037800380666624276
0.004089071400001861
0.003829516533331419
0.003897907600007026
0.004127162199995382
0.004402391066666193
0.004102214666670534
0.0040041395999973394
0.003999117933333688
0.0040208805333312135
0.003775048933338591
0.004033619933331541
0.004081976066665523
0.004065199666666785
0.0038093339333367263
0.004308074666666547
0.004307739600000105
0.0038408231999994768
0.004555973999998741
0.004328641000000744
0.004515556133338805
0.004446502466671139
0.004455335533333482
0.004313276866669943
0.004376345333338349
0.004153493266663115
0.004662836066667827
0.004255438866666358
0.004153334866667062
0.004047849533331298
0.004071272266664512
0.004309119466665834
0.0038365518666675295
0.004159091933335427
0.004447851800006219
0.004285410133335669
0.0046189650666652446
0.004646468866669314
0.004378028733335289
0.004384480400004046
0.0046666858666696955
0.004937326533337227
0.004681198199998941
0.0047164203333314465
0.004977416733335834
0.004760031866669579
0.0047467827999961775
0.004757776666667724
0.004268282333333673
0.0039661084000044864
0.004348432266668093
0.004344019599998698
0.004365327599998636
0.004708025333331989
0.004226805999998836
0.0044581974666660544
0.004178104933329981
0.0041433506666635365
0.0041551165999995495
0.004553358266667829
0.004460047666668743
0.004680884533335454
0.004668481933335519
0.004273648933332197
0.0042391607333399865
0.004466250333329451
0.004197403266668213
0.004486336066671963
0.004751951066670775
0.004841191666671799
0.004219378666668187
0.0045128970666667104
0.004815448133335091
0.004634703466664784
0.005114070333333606
0.0043641687333376925
0.004632345533326543
0.005210126999999906
0.004549375399998705
0.004858257533330365
0.004584647200001276
0.004599079666665299
0.00460830753333236
0.0046216496666678115
0.004645150199996806
0.004908732600000576
0.004379509733331588
0.004949025533333421
0.005324047666670139
0.004755374066667173
0.004407603200000191
0.0046626166666745425
0.004662479200000765
0.004689514333335865
0.004783394999996441
0.005102593400001372
0.004653470933330558
0.005619826999998167
0.00563876106666991
0.005087024333333071
0.004754231200003763
0.0049738545999995646
0.0051535659333353575
0.004810899533335563
0.005033583199997338
0.0045237888000012084
0.004781188999997236
0.0048231087999984846
0.004836436266667003
0.004571948666663653
0.00517193819999496
0.005258752933336079
0.0047929477333336
0.005659269799993657
0.005242796333330565
0.004634902933334691
0.005146575066665567
0.004912193133336965
0.004728703333334276
0.004771593333333613
0.004997988533337623
0.005249718733333945
0.0049779904000009385
0.004708852066664803
0.0052725324666672195
0.005461469133337005
0.005047705599993909
0.0047906689333350036
0.0054288599333328115
0.004866255866666809
0.005434287933333811
0.005233080399996955
0.0058026130666670875
0.0052317466666674285
0.005107780666670199
0.00553347739999784
0.005426945266670676
0.005251157066669521
0.0054667698000021876
0.0055283486666667155
0.005240745066665416
0.005541827533333313
0.005545833933333218
0.00576524946667026
0.00532856186666398
0.0056778844666704725
0.005616272733332531
0.005366297800003394
0.0051662433999979385
0.005065619400005517
0.0052198115999942726
0.005174401866664387
0.004903716399996938
0.004886342399998966
0.004947842066665468
0.005221124466667486
0.005512086533335984
0.005344459333328663
0.005103969800002991
0.0060514414000029625
0.005811867866663078
0.005361793333332798
0.0052792010666659435
0.005273361333325966
0.004965205733333278
0.004979212266670174
0.005282295800001672
0.005319756733327571
0.0052955741333297135
0.00595236919999896
0.005359641266664994
0.0053708060666679104
0.005133425133330623
0.0057103196666692686
0.005404335199995103
0.005124107266667958
0.0054239946000014545
0.005672368799999579
0.0059902464000022825
0.005089048866663385
0.00507552393333602
0.005828659400001849
0.005404922599997993
0.006045012600003475
0.00519755266666948
0.0054537867333332695
0.005752341599999985
0.005452359199997166
0.005729062066666302
0.005788821800005432
0.005775974933330493
0.005497571066666751
0.00642205146666394
0.0058987519333318994
0.005933400333331443
0.005636080200000985
0.005937224133331634
0.005614655933338024
0.005607852599998371
0.0053227401333363865
0.005279519533337407
0.005999961399999166
0.005308216466668607
0.0056726849999980304
0.005707537733335736
0.006130667400001736
0.00534485780000485
0.005907092200000837
0.005979693466667868
0.006015300333333092
0.005724432266663371
0.006057351199998114
0.005384039933329632
0.005748902200002704
0.005437360133328184
0.0062679826000002475
0.00606368259999878
0.005922952799998408
0.005913568999994822
0.00572467353333271
0.006465331266671607
0.005993839666666645
0.00628436793332791
0.0059639844666662615
0.00596107146666706
0.005976094466666382
0.006382411066671996
0.006020316533332941
0.006359271266666156
0.006390038333334284
0.006017269600001403
0.0063910592666654035
0.006115509333325993
0.006263742866663809
0.006929705266666512
0.0062448402666670216
0.006180950199996005
0.006114786799999669
0.006104214599997704
0.006471829133333055
0.006428481133336088
0.006459271600003073
0.0064679610666720086
0.005431918400000768
0.006170914533335766
0.006072674533337856
0.005927282666664269
0.006234116933332719
0.006174316666668271
0.006650126199995536
0.005813072333336322
0.005842682466665868
0.0062059848666649485
0.006223528266669594
0.006608839133332367
0.006263516466657393
0.005899242999995143
0.005942239533338048
0.006498890933331344
0.006615357266667843
0.006578035333330945
0.006440889333333644
0.006675894466665492
0.006682492800001683
0.005932861133336094
0.006341861333324535
0.006433027199996862
0.0068887993999984095
0.006114972200000087
0.006540959200003726
0.006560470733340177
0.006553788666663726
0.0065764758666678825
0.006583844533328905
0.006568358399997957
0.006631012200002336
0.006581762999998849
0.006976181666667951
0.007349620999995447
0.006692087400000446
0.006236154866665326
0.006652859333335452
0.007193386266665888
0.007076849666666855
0.0066416995999948845
0.007471788400003258
0.006651884733332736
0.007086599133333493
0.0070723971999996135
0.006695233466670439
0.0074559126666656535
0.007119008400004153
0.007171931466668487
0.006316171066667191
0.0069929366666694175
0.006963040933338031
0.006992327199998272
0.006599413866664842
0.006618238133336262
0.007132836866666518
0.007500846666668319
0.00729391346667209
0.0071720033333330475
0.007174589066666689
0.007155311599999928
0.0070389458000022385
0.006854153733333608
0.007264411866666857
0.006429848733334135
0.006854325333334069
0.006889313933330262
0.0072709802666641584
0.006870182333337501
0.007309588199992352
0.006877721266668383
0.00693925773333414
0.007219510133336371
0.007756078799999008
0.0073987087333288555
0.007815585066667078
0.007732838333330013
0.007001856866668277
0.00659414999999323
0.007388426666667177
0.006991106733327494
0.007418238133326819
0.007424745866666171
0.007039135000002261
0.007021146066665551
0.00733678366666292
0.007264936000001399
0.007657341666665237
0.006936648000000408
0.0077313723999964164
0.006947582133333677
0.007299094533338272
0.0077590190000004595
0.007511773400000266
0.007987309866664797
0.0075547229333305195
0.007945533266663082
0.006722649933332529
0.007129140466668104
0.0071943804
0.007698707599998519
0.006785913133338302
0.007160666466666044
0.007187836266668531
0.008012795733335073
0.00803185646667354
0.007317094200000914
0.007227478666665851
0.00804680986667184
0.007185031399997873
0.007225841333337257
0.007732685800003007
0.007271539866663564
0.00781312053333257
0.0074253107999993516
0.007320742799998925
0.007740270666658944
0.007335497133330667
0.006698005066668126
0.007625328999997312
0.007958413599999404
0.007628334266653761
0.007235833933329635
0.007700278533335828
0.007659561133327012
0.006804229533334667
0.0071741425333319364
0.007300656333330835
0.007616934266665491
0.008053608400001622
0.00722883140000287
0.0072396843333365265
0.0076674139333382145
0.007280456933333805
0.007245210933331236
0.007948910533334205
0.007904387200003764
0.007118869733333592
0.007117380333335177
0.007558238666670529
0.0071310311333320445
0.007155947066668962
0.007280267133340127
0.008231897733332971
0.008298467333332837
0.007780447200000633
0.008211639600000353
0.007433290533333548
0.007388957666665874
0.007046645733331995
0.007383457733330563
0.007244379533335632
0.00728689420000137
0.007275088333333694
0.006871558600001511
0.007309378600001537
0.00684620853333513
0.007723444733335328
0.0069364961999989795
0.008290236933330182
0.008163484066665205
0.008253455933328269
0.007379816866669368
0.007861883800001124
0.00782422939999871
0.007894497533328604
0.00829369226666851
0.006971151866664135
0.007921616733328089
0.008149307133334106
0.007608060133329294
0.007408826333337022
0.007037078333327903
0.007413194400004386
0.007513490266666168
0.007431131066666315
0.00742559199999467
0.007446441200005438
0.007440459399998644
0.007492285933327973
0.007446902866663171
0.007986281200004441
0.0081035019333342
0.00767396086666281
0.008002819600001961
0.009029216133330919
0.00852994446666268
0.008054309733334245
0.00803400100000052
0.008604121733336948
0.008086176933337205
0.007810854600000994
0.007963889733330613
0.007982085066667347
0.008488643800005018
0.008920124999995475
0.007557353333324576
0.00895459413333318
0.00824863693333479
0.008801803666669154
0.0077844147999978
0.007812165933336246
0.00830216113332843
0.007896943133332949
0.008297372000004088
0.008505000533333865
0.008377698266667722
0.00836210100000585
0.007908600599999241
0.008053574733330985
0.007914126266664804
0.008037212800002181
0.008425022000000126
0.007896736199997652
0.007746222266664896
0.008331884066660678
0.007737285999998751
0.008337619533331992
0.00849761933333563
0.008018648133334713
0.008140335533335019
0.008278657066665574
0.008814212333332232
0.007845195800007332
0.00837789246666413
0.00833325426666723
0.008343171799998573
0.008833622000001167
0.007827913599999192
0.00787649666666539
0.008393852266668016
0.008054731599999816
0.008171124133328551
0.008621029133331603
0.008684235199998133
0.008098391133332446
0.00837020066666696
0.007973251666661933
0.008394664400001754
0.0075630972000074815
0.008430431933332254
0.008893302666668509
0.007960603533333218
0.008439300800000637
0.008999914399998943
0.00805944513333543
0.008458261333337684
0.008045542200003789
0.007889437800002952
0.008636159933322082
0.008957495466669721
0.00915240573333449
0.008662859266663266
0.008375522666661557
0.009008714266669434
0.00856646206666293
0.008121326400000347
0.008701589666664707
0.008574730133335606
0.009104873066663306
