1.329466666665872e-06
6.4709999999990974e-06
1.1586733333332026e-05
1.5350933333334315e-05
2.1901800000000136e-05
2.7902533333333536e-05
3.346273333333418e-05
3.5306333333332925e-05
4.826280000000081e-05
4.8365800000000254e-05
5.721506666666783e-05
6.34698666666674e-05
6.5276666666667e-05
7.747800000000074e-05
8.202260000000073e-05
8.430506666666736e-05
8.918906666666679e-05
0.00010229833333333475
0.0001099551999999999
0.00012104233333333353
0.00011989073333333184
0.00012526113333333476
0.0001356663333333341
0.00013804886666666887
0.00016164133333333348
0.00016720573333333193
0.00019410020000000064
0.00017174526666666466
0.0001740516000000016
0.00020469673333333346
0.00019670766666666785
0.00021681413333333085
0.00026135946666666816
0.00022759866666666832
0.00021681393333333558
0.00024997760000000185
0.00024952759999999905
0.0002555497333333314
0.00023505473333333416
0.00024536406666666175
0.0002524851333333356
0.0003000969333333307
0.00029268633333333073
0.00030604580000000067
0.00029849106666666553
0.0003216837999999963
0.0003030681333333359
0.000302528399999998
0.0003051505999999963
0.0002970240666666679
0.0003525926000000013
0.00035909446666667065
0.00039134100000000246
0.00036859100000000145
0.0003716738666666664
0.00034349199999999895
0.0003494360666666696
0.0003675711333333331
0.00039043273333333277
0.00035173786666666446
0.0003322014000000021
0.0003340834000000015
0.0003329992666666596
0.0003652997333333389
0.0003751310666666637
0.00039127746666666184
0.0003393411333333522
0.0003330036666666758
0.0003736183999999976
0.0003842796666666574
0.000374591066666663
0.00039592939999999834
0.0003538682666666607
0.0003910115333333334
0.00040149793333332795
0.0003860779333333286
0.0004248415333333385
0.000469159266666667
0.00047630393333332927
0.0005043194666666769
0.00046976866666666265
0.0004758065333333413
0.00046816586666666995
0.0004994091333333283
0.0005453678000000073
0.0005119460000000002
0.0004952211999999993
0.0004793709333333377
0.0005911909999999983
0.0006172287333333267
0.0006176745999999956
0.0006380313333333257
0.0005588045999999921
0.0006029791333333368
0.0006402977333333689
0.0006220410000000065
0.0006336031333333159
0.0007004848666666359
0.000616969733333339
0.0006433263333333346
0.0006400433333333473
0.0006741253333333457
0.0008003050666666697
0.000743479666666665
0.0006969663999999876
0.0007147511333333245
0.0008223466000000086
0.0007555805999999758
0.000850166600000013
0.0009625035333333143
0.0008355336666666584
0.0008534039333333447
0.0007579239333333598
0.0008528792666666692
0.0007317403333333268
0.0008215670666666508
0.0009524738666666588
0.0008562211333333384
0.0007505385333333558
0.0008370851333333447
0.0007863153333333243
0.000699516866666694
0.0007294093333333344
0.0007098676000000026
0.0007128400666666831
0.0007327986000000027
0.0007454463333333328
0.0007440651999999955
0.0007629855999999953
0.0007518276666666601
0.0007402709999999886
0.0007665182666666566
0.0007465231333333433
0.0007691768000000006
0.0008134597333333104
0.0008471428666666577
0.0008253908666666643
0.0008055344000000038
0.0008446966000000019
0.0008515602666666696
0.0008707051999999808
0.0008955142000000027
0.0008525978000000656
0.0008727068000000226
0.0008346165333333359
0.0009423583333333596
0.0008522440666666705
0.0008894325999999471
0.0009223257333333438
0.0008872530666666379
0.0009271556666667014
0.0009043299333333217
0.0009425916000000386
0.0008866274666666858
0.001011031666666673
0.0008843594666666288
0.0009567177333333602
0.0009268728000000041
0.0009830967999999865
0.0008848347999999895
0.0010184305999999606
0.0009033779333333491
0.000987541733333345
0.0009759560666666722
0.0010245521333333378
0.000984572533333313
0.0009815235333333245
0.0009841435333333148
0.0011302654666666653
0.0010239435333332973
0.0011055979999999928
0.0009654510666666709
0.0009857500000000148
0.0010984315333333475
0.0011237077333333012
0.0010813158666667247
0.0011420195333332976
0.0013159465333333563
0.0012765647999999797
0.001205363533333322
0.001161593399999994
0.0011291467999999583
0.0011250406666666695
0.0012086398666666387
0.001162940199999992
0.0011015770000000055
0.0010680822666666737
0.0011638707333333424
0.0010354331999999614
0.0010485023333332974
0.001092461666666648
0.0011281512000000198
0.0011907081333333439
0.0011644034666666561
0.001254351133333357
0.00114916479999998
0.0011578368666666763
0.0012753585333332928
0.001337664666666664
0.0012623812666666308
0.0012573406000000453
0.0012115744000000225
0.0012257371999999953
0.0012487812000000116
0.00121021946666664
0.0013128295333332634
0.0013240489999999383
0.0012263027333333139
0.0014240295999999061
0.0013242019333332541
0.0013244883333332958
0.001273446600000039
0.0013389713999999663
0.0012963776000000612
0.0014137250000000102
0.001444705266666683
0.0013918047333333129
0.0013816962666666358
0.0013087265333333895
0.001437836466666642
0.0014004309333332779
0.001411163133333293
0.0014645327999999993
0.0014963387333332947
0.0015755748666666848
0.0017131655333333087
0.001559474800000101
0.0013737247999999684
0.0014742366666666543
0.001404731999999953
0.0014408410000000297
0.0014052567333333007
0.0014785541333333244
0.0012905017333333824
0.0014604681999999278
0.0015808584666666607
0.0014212656666667083
0.0015275302666666768
0.0016186041333333457
0.0017611027333333121
0.0016250509999999885
0.001614157999999962
0.001533839533333333
0.0014600309333332895
0.0016158871333333085
0.0015652622666666597
0.0016183955333333166
0.0014448825333333618
0.0016147009999999777
0.00162821459999997
0.0016012700666665936
0.0016514948000001084
0.001477622933333341
0.0015744789333332972
0.0015342499333332723
0.0015114709333333032
0.0015885355333333055
0.0017122944666666602
0.0015510445333333381
0.0018261599999999174
0.0017573619333332976
0.0016255066666666393
0.0018548016666666575
0.0019731892666667267
0.0018359857333332859
0.001738677733333353
0.0015982256666666158
0.0016554602666666678
0.001876451466666662
0.0016163738666667093
0.0017212350666666746
0.0018953981333333777
0.0016632050666666842
0.0018428518666665876
0.001654768933333095
0.0016439684666667157
0.0016415019333333447
0.0018400255333333485
0.002001294733333303
0.0019163533333333169
0.0021077441333333152
0.001785416200000197
0.001725976266666566
0.0017215952666667534
0.0017939638666666369
0.0017922597333333457
0.0018064028000001878
0.0017260776666667254
0.0019040525999999502
0.002009092999999969
0.0018948097333331877
0.0017927694666666956
0.0019005215999999454
0.0020969384666668016
0.0023321396666667956
0.0021539869999999796
0.0024607759333332407
0.0024169022000000593
0.0023465628000000293
0.002201655933333413
0.002279868133333333
0.0022460905333331854
0.002440453800000005
0.0021097114666666526
0.00200165306666662
0.0018780173333334815
0.002018728400000036
0.00214351413333335
0.0020377681333334507
0.0022479336000000554
0.0020146995333334417
0.0019978780666666768
0.0019732080000000114
0.0020984727999999583
0.0019969338666667724
0.002096559333333185
0.0020115626000000238
0.00211587926666675
0.0021188609333332073
0.0019330194666666264
0.002049369600000084
0.0020676063333333163
0.002064498066666805
0.0021320710000000648
0.0020490343333332698
0.0024510635333334346
0.0022722055333333677
0.0021254467999998047
0.0023059642666667084
0.0020536735999999796
0.0021840159333332684
0.0021362265333332076
0.002078551866666641
0.0021000844666666297
0.0020045728666667393
0.0023450880666667116
0.002073451399999963
0.0022325510666665474
0.002153901466666497
0.0022572926000000494
0.002159055333333389
0.0024057564666667493
0.0022406178666666793
0.0023014354666667457
0.002172643466666694
0.002106900533333326
0.002302239866666748
0.002099055466666459
0.0023910005999999485
0.0022794498000000257
0.0023110629333332965
0.0024762275333334452
0.00301775933333334
0.0025273543333333612
0.0026017163999999464
0.002724614866666701
0.0024098869333332236
0.0024049529333331895
0.0022903419333334322
0.0023479511999999164
0.0024063240666666987
0.002566574200000164
0.0024191470000000472
0.0022609354000000673
0.002467117199999791
0.002401429933333373
0.0025480808666667205
0.0023045385333333593
0.0023035678666666116
0.00233146780000002
0.002248162933333179
0.0025952190666666654
0.0025028095999999186
0.0023238436000000934
0.0025758132000001173
0.0026720231999998846
0.002672191400000005
0.002438597799999916
0.002506323466666771
0.0024987416000001278
0.002447829133333279
0.0024194747333333784
0.0023200816666667733
0.0025370028000000506
0.002309651066666992
0.002459973066666758
0.002733556666666459
0.0026903767333331294
0.0027242429333333242
0.0024975821999999445
0.002489289666666868
0.002524101600000132
0.0025910619999997666
0.002691670866666603
0.0026406813333334613
0.0024801532666665813
0.0027626438666665367
0.00317137840000008
0.002784145800000104
0.003291710799999947
0.0029727751333333903
0.0026953079333334054
0.002601538199999709
0.0025650824000001886
0.002653098733333555
0.002530235866666904
0.0026975748666669594
0.00258190346666692
0.0026824789999999156
0.00247600533333312
0.002616498999999924
0.0026030900666667617
0.002581260266666992
0.0026358687999997227
0.0025056308666665454
0.0027185628000000388
0.0028667443333333154
0.0030900565333334146
0.0028478876666664377
0.002751420933333411
0.002771046599999849
0.0031787621999997146
0.0030170417333331774
0.002821284799999783
0.0030752052666665956
0.002890778466666551
0.00301659806666675
0.002871520066666496
0.0027466208000001065
0.002812342999999847
0.0029566291333331662
0.002895626466666575
0.0028969657333332084
0.002794583666666502
0.0028656207999998647
0.0028900805999999336
0.002811499933333058
0.00273724739999975
0.002901700133333307
0.0032391496666666817
0.0030549268666668185
0.002984938333333294
0.0034247113999995803
0.002974148066666989
0.0028245619333331956
0.0028265686666665364
0.002828162599999947
0.0029463784666666254
0.00315955980000003
0.003001096533333462
0.0034438706666666263
0.0033791285999997217
0.0030210772000002586
0.003105333200000023
0.0029863240666666495
0.0029270030666667187
0.002953674466666693
0.0030978177333334856
0.0029573463333334143
0.0032800287333332773
0.00310088999999986
0.0038625252666668313
0.003503205333333052
0.0030761494666665594
0.0029700541333331407
0.003092468533333322
0.0031458354000003888
0.003309804533333368
0.0032904517999997533
0.0032248703333332667
0.0030231621333332015
0.003254394333333366
0.0030192188000000898
0.002907052066666556
0.0030229967999999257
0.003012311600000099
0.003326083799999916
0.0030748603999999347
0.0030874113333335157
0.0035943305999997697
0.0033674133333333836
0.003364526800000315
0.0033603047333334263
0.0034114667333331756
0.0034307211999998087
0.0033290575333334497
0.0032107768666669754
0.0034542148000001067
0.003369949200000022
0.003461435999999907
0.0031338560000002975
0.003132455533333219
0.0033521933333330385
0.0031732954666666775
0.003147832866666415
0.0033840874666664672
0.0032162699333335115
0.0034105847999994646
0.003571719066666527
0.0034070621333333645
0.0039619320666664255
0.003823696066666571
0.004143411066666521
0.003536077200000065
0.0034217314000001644
0.0035427775333336815
0.0037759214666667875
0.0035958859333333018
0.0035388210666667417
0.0035555149333331335
0.003083575733333532
0.0035960626666665736
0.0032354446000000554
0.00355663573333338
0.0037291296000000547
0.0038769807333333497
0.003521536933333754
0.0035493769999999833
0.003490328466666644
0.003363918333333397
0.003543987533333374
0.0032219674000000253
0.003556837333333244
0.0034459271999998245
0.0033223673333335315
0.0037476611333334612
0.003283938666666704
0.0036118901333335174
0.003616382200000127
0.0036384567333338207
0.0037790905333332367
0.0038653906000000403
0.004159089733332995
0.003698299266666538
0.0033911294666665983
0.0034124868000002806
0.003952423399999934
0.004089207333333178
0.003655506400000282
0.003769992933333318
0.003614246999999201
0.0038927435333339605
0.004907124733333271
0.005306749333333253
0.005388476000000253
0.0051805146666666245
0.005761934933332924
0.004933365000000359
0.004428978133333317
0.004634415666666077
0.0047586678000004195
0.004161305466666931
0.0038843897333336484
0.004002342200000205
0.0037540775333323967
0.0037871272666663456
0.0038103829333335187
0.0040334429333334755
0.003679177466666772
0.004250528933332495
0.00428003399999947
0.003978749666667388
0.0042178830666666535
0.004297442266666233
0.004177060733333349
0.004227570266666684
0.003900253399999561
0.004362576800000065
0.004578155333333456
0.004055656000000122
0.003933829199999887
0.00403028593333327
0.0034903121333333805
0.0037308071333337503
0.004197912133333878
0.004416537400000209
0.0041778452000005
0.00416911466666671
0.003964413200000413
0.00420535279999991
0.00394669606666677
0.004722310199999905
0.004108338933332807
0.00409394446666577
0.004407786733333315
0.004504858133333537
0.004219018266667263
0.004011016333333117
0.0044780746666662685
0.0043218893333332176
0.004627257666665704
0.004740880066666146
0.004190949466666894
0.003891043866667114
0.004283539266667209
0.004045633800000322
0.004416298799999888
0.0038441086666675043
0.004232823333333139
0.003805485999999547
0.004374780133332952
0.004156167400000044
0.004968830133332839
0.005186283133333092
0.004997296533333421
0.004184162533334046
0.004536230933332774
0.003923286733333479
0.004532599666666215
0.005408402066666914
0.004472995466666182
0.00408797033333291
0.004429270800000514
0.004712244266666706
0.004054280133333302
0.004351782999999661
0.004729025666667041
0.004492612333332839
0.004152764333332234
0.004366926399999234
0.004262020000000414
0.004438489933333282
0.003978708933333764
0.004204839599999843
0.0044339776000001056
0.004181535066666224
0.004506149466667135
0.004114010000000453
0.00428282379999961
0.004397389533333514
0.004964198333333295
0.004504434666666176
0.004176136533333619
0.004348085200000421
0.004591544533332837
0.004537608466667109
0.004788305533332722
0.005632580666666343
0.005706769400000174
0.006177916800000105
0.005674966866667101
0.006411516999999852
0.005505414999999895
0.005479485533333417
0.005414524733333081
0.005522982466666803
0.004970059666666534
0.004646174066666239
0.004497164800000301
0.004648796999999641
0.004239337866666185
0.0044410509333334385
0.0044636875333326975
0.0045322586666676065
0.004913843399999252
0.00489906279999938
0.005230773266666707
0.00434377973333279
0.004901312133333136
0.004833001933332781
0.004623564333333026
0.004403118466666219
0.004337151266666695
0.0047729370000003735
0.00475411093333212
0.004565537200000118
0.004643224599999721
0.004980808066666734
0.005242119000000401
0.004845568266667044
0.004689237266666879
0.004497365200000539
0.004302841266666728
0.004872565000000387
0.004192661933333852
0.004891281733332657
0.005100592066666584
0.005085757666666997
0.004579890933333056
0.005012919133333563
0.005398967333333597
0.0045891674666663105
0.0052698097333331384
0.006303699599999864
0.00626067513333292
0.006306852933333337
0.006843244266666204
0.006193307399999763
0.005789042733333124
0.005833193133333481
0.00532288473333414
0.005931862733334015
0.005073067666666257
0.005329583866667065
0.004645181400000098
0.005139026066666474
0.005306544133333801
0.005077714333333935
0.0048964300666665865
0.005294954866666757
0.005150108066666803
0.005168730533333606
0.005414224133333315
0.004754410333333444
0.005463500999999601
0.005540746800000799
0.005441246866666679
0.005149449933333254
0.006078783600000766
0.005028730866666583
0.004793994866666414
0.005226317399999895
0.0051180837333331414
0.0052000888666664
0.005622404600000171
0.004821130399999873
0.005299468533332904
0.005215897866666571
0.005233380266666643
0.005202421800000205
0.0048854022000005175
0.005033089133333609
0.006463030733333378
0.00687501093333367
0.007052864666666636
0.0062095689999994855
0.007050860399999455
0.006317085533333966
0.006058833599999976
0.006676468866666359
0.005379843933333461
0.005715966733333744
0.005420890933333785
0.005345540466667368
0.00584244686666698
0.005400405066666517
0.005717671000000024
0.006109096066666808
0.005478613400000635
0.005355598866667795
0.005407104199999916
0.005616759400000623
0.005144905933333158
0.005095569666666222
0.005289686533333793
0.005659250933332297
0.005714579600000036
0.005212976799999562
0.005553261200000747
0.005966003999999714
0.005385642799999365
0.00513776306666595
0.005430848733333941
0.00485957620000003
0.005177642133333412
0.005877763066667304
0.00550308273333305
0.005711685999999835
0.005610634466666416
0.005449806399999583
0.005220624333333035
0.005155947733333713
0.005578132333332065
0.005469786666666702
0.005206678066668265
0.005900668933332061
0.005340775066666481
0.004992073133334429
0.005260902199999862
0.005409461200001431
0.005493109066667519
0.0052283768666669065
0.00523111926666644
0.005269890600000811
0.006075881800000597
0.005211585466666691
0.005211266199999898
0.005068871066666247
0.0052664957333339165
0.005419681466666759
0.005568116066667035
0.006080142066666857
0.0056456331999996225
0.005857153133333763
0.005614222333332937
0.0054190219333330935
0.005376256533334356
0.005825457866666284
0.005418270933333247
0.005970985999999812
0.006251174133332427
0.006514085600000877
0.005374602533333454
0.0063825873333343
0.00577975999999912
0.006503245666666639
0.0056801532666672944
0.005635243866666429
0.006173426799999504
0.005166785733332328
0.005887863533334326
0.00626689273333388
0.0060512375999996005
0.005853213066665811
0.00582144313333354
0.00585694526666695
0.005365357866666424
0.005620545933333668
0.005592836999999898
0.005478186533333466
0.005757171466666951
0.005538565399999129
0.006550258266666731
0.005330667000000725
0.005463664333332948
0.005524761199999281
0.005701364133331784
0.005772708666665949
0.00552637766666777
0.005315772533333529
0.005590388733331982
0.00594140966666572
0.006053343666667862
0.006849771933332723
0.005599639866665977
0.006078349533333475
0.005583252666665809
0.006010621800000138
0.0056849610000005175
0.005400959133333553
0.005882316333333885
0.005659277466666879
0.005587406333333907
0.005950112066665744
0.0058009900666661455
0.00606206253333473
0.005692969533332359
0.006537224133331658
0.0061074264000003115
0.005757758599999363
0.006345221666666608
0.006205421866666446
0.006643284400000956
0.007616334333334862
0.006221163800000795
0.0055174467333325575
0.005753582933332761
0.0062238465999991865
0.0057376367999992794
0.005495287733332551
0.006202812533334168
0.005834411933333664
0.0057367730000000465
0.006572067133334277
0.005812227399999396
0.00669213840000064
0.006656465599999232
0.005942465200000413
0.005754179400000699
0.0058797964000007145
0.005641948266666456
0.005940104600000495
0.005806470400000307
0.007027453533334457
0.00625071313333289
0.006365806333333049
0.006495661933333944
0.005935928133333353
0.005889657733331906
0.005928058266666861
0.005866051333333644
0.005992071400000517
0.0067477254666670206
0.007231157333333726
0.006326111133331836
0.006287201333334261
0.006808614933333009
0.0066536223333339235
0.006413307666667359
0.007246918933334711
0.006019954133333272
0.006735770000000229
0.00661652399999942
0.00620638139999888
0.007155166733333355
0.006573724533333328
0.006684031999997823
0.006504936933334686
0.0060176894666663355
0.006003818800000242
0.0066051499999995635
0.007133356533334734
0.006587561200000399
0.006058725200000007
0.006082327799999139
0.0063037501999990775
0.006554583000001913
0.006412017666665785
0.006142723333333796
0.006476307000000266
0.007106139066668504
0.007717854066666518
0.006554986600000727
0.0061601867333337165
0.006913640666666273
0.007110468799999126
0.006403101400000821
0.006265198933334186
0.006530225333332851
0.00689899233333288
0.006839625666666886
0.006586886999999801
0.006645264533332806
0.007037545400001003
0.006823073000000571
0.007250089999999432
0.007382729199999479
0.006401316999998604
0.007323992133332998
0.006733812133333572
0.006321886199999937
0.006434257933333735
0.006225567800000439
0.007180339666667616
0.0067489732000012735
0.006507240333332239
0.006926554066666786
0.0070566275333339
0.006811727333333787
0.006528110333332885
0.0065804566666651946
0.006561261866666731
0.006652416999998915
0.006661254666665665
0.006750788199999628
0.007048126066665835
0.006996199000000066
0.006490393066667366
0.006875435733333291
0.006942611733333592
0.006979370133332926
0.006553309133333111
0.006386602733334712
0.006536898066667618
0.007081732666666577
0.0075632887333327405
0.006552838200000603
0.006723871866667253
0.007488299733331871
0.00650037253333314
0.0068898669333322
0.0068526100666673525
0.007473005666665718
0.008279828399999663
0.006204494733334324
0.007428112866666936
0.007164204533333418
0.007340756000000208
0.0071017925999996125
0.007092168000000735
0.00680726653333276
0.007864926000001542
0.006960077799999453
0.007106109666666782
0.007123762066666946
0.00854477933333347
0.006970878400000421
0.007873049266666972
0.006526737933332545
0.00735931086666568
0.0076377586000001925
0.0071973276666668085
0.006765676533332984
0.00642695053333379
0.007683804066667221
0.007050986199999916
0.006742857400001394
0.007306632133332869
0.00739272600000002
0.008201978666666795
0.007686529199998896
0.007572630866667396
0.007983780266667396
0.007291752466666897
0.007468801133333139
0.006837569266666795
0.006942902533332547
0.007917892133333737
0.007976209800000807
0.007064406199999951
0.009090760933333778
0.007591811933333285
0.007192165466667196
0.007084868600000031
0.0074088422666667006
0.007897480933333156
0.007032141599998928
0.007319692933332078
0.006889422933333833
0.00732758399999985
