1.3011333333335743e-06
5.880800000000278e-06
1.0083466666666503e-05
1.4864266666668458e-05
1.791693333333446e-05
2.3026533333333117e-05
2.9451266666666772e-05
3.273539999999973e-05
3.9950999999999184e-05
4.152126666666737e-05
4.7328666666666504e-05
6.39873333333323e-05
6.232233333333208e-05
7.307753333333361e-05
7.44728e-05
7.418766666666641e-05
8.09707999999997e-05
9.046093333333523e-05
9.454846666666628e-05
8.853260000000011e-05
9.523693333333416e-05
9.653366666666543e-05
0.00010533746666666574
0.00010028953333333367
0.00010365140000000115
0.00011581879999999952
0.00011417353333333472
0.00011944426666666748
0.00012048806666666579
0.00012479473333333417
0.00012562419999999908
0.0001296820666666661
0.0001364118666666673
0.0001391968666666669
0.0001383779333333344
0.00013970266666666711
0.00014579826666666723
0.0001510992000000035
0.0001453577333333326
0.00015091546666666787
0.00015642406666666793
0.00016392646666666676
0.00016548546666667052
0.00017120586666666827
0.00016934333333333275
0.0001750758666666676
0.00018601799999999984
0.00018032333333333484
0.00019121399999999882
0.00018145013333332552
0.00019260706666666868
0.00019290186666666895
0.00020228573333333315
0.00020673006666666605
0.0002092267333333305
0.00022270260000000207
0.00022613333333333188
0.00024760640000000186
0.00022407966666666926
0.00023342380000000254
0.0002420512666666689
0.00024964726666666935
0.00025293693333333644
0.00024284213333333748
0.0002510601333333325
0.00025300106666666745
0.0002590790666666639
0.00026439893333333184
0.00026615626666666355
0.0002691316000000036
0.00027237366666666243
0.000282162866666665
0.0003007235333333284
0.0002943738000000066
0.0002998473333333344
0.00030144666666666965
0.0002980021333333397
0.00031244899999999985
0.0003268892666666745
0.00032636413333334555
0.0003131578666666653
0.0003213012666666663
0.00032361199999999906
0.0003337172666666814
0.0003577468666666713
0.000352173999999994
0.0003603085999999885
0.00037719593333332966
0.0003575909333333257
0.0003661413999999974
0.0003935585333333343
0.0003766703333333362
0.0003895653999999989
0.0003733444000000012
0.0003900334666666764
0.0004094837333333342
0.0004083061999999971
0.00041763873333333277
0.0004134474666666647
0.00045790199999999154
0.00045260706666666595
0.0004232037333333364
0.0004242166000000121
0.0004157935333333344
0.00043311566666666873
0.00043533260000000094
0.0004287105333333282
0.000450171399999999
0.00043808153333333805
0.0004469684666666714
0.0004498868666666674
0.00044827313333333597
0.0004618984000000048
0.00046255339999998755
0.00046967373333333117
0.0004860075333333288
0.0005046619333333169
0.0004889442000000077
0.0004968643333333356
0.0004798340666666734
0.000498171666666658
0.0004992860666666488
0.0005008167999999961
0.0004963545333333356
0.0005171744000000016
0.0005098469333333429
0.0005327808666666674
0.000524410399999975
0.0005414966666666743
0.0005545841333333208
0.0005251530666666504
0.0005319353333333258
0.0005358959333333265
0.0005288468666666842
0.0005620519333333333
0.0005480693333333563
0.0005595010666666604
0.0005583193333333458
0.000557001666666664
0.0005858140000000104
0.0006100453333333459
0.0006228927999999856
0.0006961100666666775
0.0006344363999999899
0.0005925090000000003
0.0005912156000000094
0.0006037094666666576
0.0005999792000000115
0.000640603533333343
0.0006363116666666742
0.0006276544000000032
0.0006304457333333365
0.0006410634666666581
0.0006378326666666822
0.0006466471333333409
0.0006433735333333246
0.0006513299333333296
0.0006705827333333432
0.0006692514666666686
0.0006585032666666472
0.0006779773999999961
0.0006770783999999974
0.0006807195333333219
0.0006823787333333738
0.0006794857999999977
0.000689576466666697
0.0006989104000000228
0.0007019758666667227
0.0007001484000000187
0.0007095547999999674
0.0007079649333333234
0.0007126287333333241
0.0007099693999999878
0.0007248180666666659
0.000744594733333385
0.0007205059333333264
0.0007234433999999752
0.0007366519333332988
0.0007435702666666414
0.0007226612666666614
0.0007344748666666974
0.0007435684666666702
0.0007687561999999796
0.0007462266000000106
0.0007534576666666866
0.0007454806666666573
0.0007796691999999883
0.0007917120666666389
0.000766037600000032
0.0008191330666666996
0.0007950157333333448
0.0007893574000000126
0.0008053140666666181
0.0008026582000000282
0.0008549073999999971
0.0008063214666666744
0.0008190693333333332
0.0008028533999999847
0.0008043587999999898
0.000844028599999976
0.000819083200000037
0.0008762542666666503
0.000995299266666653
0.0009132635999999768
0.0009316818666666708
0.0008468757333333225
0.0008623501333332969
0.0008606297333333401
0.0008911267333333287
0.0008887093999999429
0.0008906324666666521
0.0008966240000000199
0.000884805266666655
0.0008902410666666564
0.0008759090666666433
0.000880675666666697
0.0009094822666666947
0.0008960795333333197
0.0009180284666666723
0.0009008038666666736
0.0008933521333333842
0.0009147981333333425
0.0009648756666666388
0.000933903333333334
0.0009093863333333285
0.0009478342666666695
0.0009226602666666158
0.0009269610666666612
0.0010329699999999627
0.0009553405999999764
0.000949156733333334
0.0009604884666666536
0.0009760403333333982
0.0009689870666666896
0.0010372490666666382
0.0009803496666666689
0.0009987307333332454
0.0009983210666666112
0.0009883867333334055
0.0009965172666666078
0.001059260266666673
0.0010070500666667333
0.0010379834000000384
0.0010145635333333716
0.0010181665333333237
0.001035249399999986
0.0010292077333333557
0.001135620933333333
0.0011728730666666761
0.0010499206666666262
0.0010325822666666263
0.0010947931333332346
0.0011312899333332756
0.0010595087333333808
0.0010551380666666906
0.00105249633333336
0.0011252260666667032
0.0010850037333333044
0.001104665000000023
0.001091741533333283
0.0010922985999999154
0.0011308697999999969
0.0011392619999999632
0.0011023432666666425
0.001137865266666586
0.0011605950666667179
0.001145553799999958
0.0011198648666666717
0.0011174369333333267
0.0011366075333332818
0.0011113616000000567
0.001131362933333365
0.001110858799999992
0.0011254327333333277
0.001149754466666586
0.0011635167333333325
0.0011542559999999646
0.0011568910666666988
0.001157116000000021
0.0011789045999999637
0.0011737266666666931
0.0011785593333333289
0.0011933404666666962
0.001184221733333294
0.0011899709999999193
0.0012064690666667192
0.0012049789333333117
0.0011966996666667562
0.0012341507999999854
0.0012335477999999788
0.0012084054666666511
0.001277224066666675
0.0012779998666665904
0.0012481873999999375
0.001231254066666665
0.001239764999999989
0.0012430952666666309
0.0012670505333333656
0.0012828771333333341
0.0012415255333333578
0.0012707030000000507
0.0012498579333333796
0.0012505013333332946
0.0012580780000000106
0.001251565133333236
0.0012576723333333226
0.0012886700666666269
0.0013096531999999606
0.0013039793999999698
0.0012910409333332909
0.0012697520000001165
0.0015149944666667044
0.0013233703333333105
0.0013271756666666985
0.0013478225333333426
0.001332132466666754
0.0013264287333332625
0.0013521353999999578
0.0013237056000000062
0.0013111116666666867
0.0013510993333333055
0.0013521570666667297
0.0014253050666667376
0.0013620363999999737
0.0013992189333333015
0.0013869389333333556
0.0014207746666665836
0.0013993638666666068
0.0014040991333332956
0.0014055268666666916
0.0014150889999999805
0.0014223690666664624
0.0014329314666667277
0.0014279630666667487
0.0014503165333332882
0.0014428705333334809
0.0014494902666667049
0.0014533469333332031
0.0014650128666666854
0.001461047533333293
0.0014576880666666034
0.0014779692666664938
0.0014768745999999666
0.0014637221333333153
0.0014640052666665682
0.0014860028000001672
0.001493125133333173
0.0014731465333333324
0.0015515091999999933
0.001509337466666653
0.0015028739333333263
0.0014815904000000065
0.0015017399333332904
0.00157147293333324
0.0014911640000000522
0.0014846999333332296
0.0015702118666665636
0.0015425490666665098
0.0015496022666666794
0.0015420011333332558
0.0015412929333333972
0.0015882915333335153
0.0015877968666666575
0.0015776411999999832
0.0015740850000000842
0.0015139600000000067
0.0015518021333333464
0.0015855328666665022
0.0015758777333333047
0.0015585593999999149
0.001551757333333074
0.0016588851333332619
0.0016247272666666036
0.0015745555333333884
0.0016064609999999627
0.0016072958666666656
0.0015931817333334189
0.0016241534000000612
0.0016470619333333048
0.0017387977333333045
0.0016801692666666905
0.001748310666666697
0.0016321631999999771
0.0016789664666666464
0.001633458266666802
0.0016621423333334088
0.0026124340666666395
0.003396503999999941
0.0016755739333331595
0.0016734475333331981
0.0017682978666666571
0.0017650587999998636
0.0017591315333333431
0.0016707830666666367
0.0016567825333334341
0.0017010187333333705
0.0019236452666666773
0.0019514452666666551
0.00202303326666667
0.0019697202666667008
0.0020160873333333385
0.0017779873999999177
0.0017194734666666396
0.001739228200000061
0.001770574533333343
0.0017879828666666597
0.0017530006666668521
0.0017539997333334038
0.0017843171999999778
0.001765392533333395
0.001744126400000153
0.0017830413999999925
0.0017658264000000182
0.0017757529333333486
0.001899913133333501
0.0017639446666666578
0.0017845176666665334
0.0021107476666665905
0.0023282630666666177
0.0019741186666666502
0.00189616999999996
0.0018497448000000343
0.0018778255333333032
0.0018616705333334002
0.0018967849999998046
0.0020879923333332923
0.0019137352666666273
0.0018048490666667286
0.0019119225999999637
0.001969690200000033
0.001858761533333464
0.0018068804666665865
0.0018268267333333792
0.001879244066666589
0.0019413204000000425
0.001983086000000019
0.0019113259999999836
0.0018652311333331895
0.0019267977333332928
0.0019167331333334184
0.0019004483333333747
0.0019169852000000987
0.001962823800000102
0.0018962495333332422
0.0018987517999998834
0.002018199066666722
0.0019763266000001776
0.0019366683999999523
0.0020600607999999927
0.0021248534000000894
0.00197497319999993
0.0019496361999999934
0.0019514513333334094
0.0019198461999999712
0.0018876397333333608
0.0019411143333332604
0.001969308199999986
0.0019671147333333748
0.001969121466666716
0.001955953333333345
0.001947475000000054
0.002097538533333676
0.0020847672666664133
0.001985788666666603
0.0020292677333335024
0.0019869448666666994
0.0019373304000000738
0.002040371933333418
0.0019738143333333604
0.0019952158000001202
0.0020424537333331235
0.002033873200000021
0.001983655866666704
0.002089656466666649
0.002065070866666948
0.002023621066666692
0.0020844719999997116
0.002173255999999905
0.0020474773999997827
0.002123853599999966
0.0020713035333335722
0.0021060668666664857
0.002193035066666482
0.00207602946666654
0.0021323381333335336
0.002431555933333366
0.002429155933333386
0.0024689825333333933
0.002414962666666772
0.0021235907333332213
0.0022222316666669667
0.002184482666666317
0.002161276933333056
0.002215443799999998
0.0023220153999996994
0.002177640933333317
0.002126711599999946
0.00213375753333338
0.002156817400000103
0.002144702666666613
0.0021786067333331733
0.0021828018000001966
0.002584322533333605
0.0025826742666667474
0.002189524866666659
0.0022433483999999265
0.002281709000000139
0.002261406133333684
0.002290419933333491
0.0023884264000000616
0.0022318174666665414
0.0023284028000000252
0.002222489466666862
0.002208735866666345
0.002379622933333536
0.0022081949999999276
0.002295065333333213
0.002240809266666943
0.0022006679333330227
0.0021948199333332733
0.002207483733333504
0.0022051536666667223
0.002269186666666556
0.00222476459999991
0.002224836000000252
0.002206556133333137
0.002353939800000049
0.002264508733332941
0.002326558399999712
0.002225056599999557
0.002238137000000151
0.0022713141333330356
0.0023155686000001434
0.0023158045333333396
0.0022515173333335524
0.002265849666666971
0.002253248066666558
0.002290272600000165
0.002273044333333374
0.002305105333333183
0.002295570066666741
0.002315376999999567
0.0023009472666667345
0.0023677534666667554
0.0024017072666666197
0.002355558400000035
0.0023932421999995532
0.0023686090666669673
0.002369394866666615
0.00233508293333351
0.002344440066666801
0.0023783373333337464
0.0024735413333334105
0.00235598306666643
0.002357632800000076
0.0023476302000003577
0.0023620370666668816
0.0023815771333332235
0.0024383683333333295
0.002391330266666595
0.00237417746666632
0.0023717776666665933
0.0023981953999999916
0.0024011681333334423
0.002456989333333463
0.002412672266667215
0.0024216136666667626
0.0024444305999999473
0.0024264689999995426
0.002444161400000174
0.0024414978666664902
0.002407098199999898
0.0024177441333333625
0.0024483001333333474
0.002484188599999726
0.002502486600000372
0.0025440686000003155
0.0025062605333335598
0.002468340933333361
0.0024537046666665676
0.0024797931333334117
0.0024540697333334787
0.002520829799999902
0.0024960350666667352
0.0025129315999998644
0.002609908533333183
0.0025743074000001086
0.002512397266666729
0.002551877533333406
0.002529168133333452
0.002593457533333539
0.0025299260666668505
0.0025480308666664324
0.0024940380666671775
0.0025348705999999055
0.00251274473333325
0.0024993719999997664
0.0025762008666666484
0.002650529400000205
0.002628872599999947
0.002763546799999972
0.0025844940000000114
0.002606723066666679
0.0025768897333333504
0.0025492745333329718
0.0025988713333331267
0.0026440415333331894
0.0026547598666669596
0.0026158525333334144
0.002602833333333147
0.0026611249999999604
0.002635682533333276
0.002694861533333537
0.0026239237999999905
0.0026737878000003454
0.0026207166666666853
0.002645301733333364
0.002651773400000342
0.0026551804666665882
0.002647301199999556
0.0026589436666662656
0.0026775948000000937
0.0026875405333329403
0.0026954250666666015
0.0026932396000001785
0.0027324750666664955
0.0026965899999999246
0.0027782045333330768
0.002692664333333165
0.0026740260666664756
0.002666451866666719
0.0026731972000000326
0.002689966466666623
0.0029116214666666212
0.002749376133333333
0.002718124333333449
0.0027260580666666812
0.0027296665333333674
0.0027697407333333738
0.0027676286666667477
0.0027527414000000287
0.0027475869999999958
0.002922343399999742
0.002899889133333507
0.002857658333333409
0.0027979254000002856
0.002797449199999491
0.002768511866666756
0.0028185601333332736
0.002832923533333324
0.0027885861333331262
0.003013986199999626
0.002842763066666739
0.002854616466666471
0.0028854165333330665
0.0028374276666672435
0.0028109468000001433
0.0027899958000001373
0.002783039799999898
0.002818590533333302
0.002830526199999876
0.00279977539999976
0.0029594098666663625
0.0028991936666670883
0.002841457933332947
0.00281046726666645
0.0028718574666667016
0.0028666782666668666
0.002854960133333388
0.0028723404000002024
0.0028789450000000255
0.0030500553333330533
0.002987877333333226
0.0030282250666668156
0.003027765266667141
0.0030164581999999975
0.003002480133333307
0.003011523933333393
0.003306679666665957
0.003030441333333537
0.0029248615333337113
0.0031360293999990554
0.0029955493999996937
0.0029356675333332303
0.0029252119333333343
0.0029480253333334853
0.0029323185333337185
0.0029216763999999765
0.003089879333332135
0.0029463285333325945
0.002941078000000393
0.0029929671333334797
0.0029701181999998976
0.0030215106666661978
0.003094324066666587
0.003226922266666321
0.003054868599999594
0.003008064399999218
0.003006769466666981
0.002964210333333265
0.0032300128000002813
0.0035717260666665142
0.003170052333333236
0.0030782615333329487
0.0030674847333332406
0.0030429370000000233
0.0030256520666661403
0.0030348955333335446
0.0030353097333332356
0.003032861133333853
0.003106410866667157
0.0031363541333329675
0.0030637042000006905
0.0030771400666670464
0.0030152619333333537
0.0030568253333325877
0.0030820365333333656
0.0031789512666665115
0.00310412293333376
0.0031247601333338555
0.0031038877333334843
0.0034996802666661607
0.003189245066666757
0.0031616886000004267
0.0031338732666663796
0.0031468399999999026
0.003189759933334102
0.0031234146666662354
0.0031353172666667224
0.0031488346000003277
0.003614891800001156
0.003438231466666982
0.0031800093999997613
0.0032717701333332626
0.00320524706666608
0.0031436418666660397
0.0031619499999990808
0.003157390333333628
0.003153058533333327
0.00320509893333328
0.0032034649333337957
0.0032931662666664846
0.0033236647333329946
0.0033194921333333125
0.0033487869999997127
0.003298832133333936
0.003397343466666077
0.0033397667333332492
0.0033662784000002923
0.0034415279333337876
0.0035184890000001206
0.003408313333333505
0.0033791384666666128
0.003383980000000264
0.0033532170666660476
0.003303969733333882
0.0033709191999998704
0.00323864673333271
0.0032331518666675646
0.003295142133333684
0.0032502240000006565
0.003241275799999717
0.0033278659999995833
0.0032724499333331397
0.003264182733334072
0.003559606133333659
0.0037342916666666783
0.0033402901333329754
0.0033377932000002867
0.003321891666666706
0.0033445483999997804
0.0034694361333336586
0.0033994227999999773
0.0034692156666672248
0.0033392588666669573
0.0033158279999999725
0.003307652133333742
0.003363603133333252
0.003492548066667685
0.0034468351333330816
0.0033475328000003896
0.00335401299999963
0.0033322661333329505
0.0034003176000001172
0.003340305466666867
0.003361111666666498
0.0033608821333335945
0.003385686666666506
0.0033588087333339916
0.0033670889999996233
0.0034339333333335276
0.0034546457999996487
0.003417977399999946
0.003390510066666271
0.0034236548666662257
0.003396561066666474
0.0034228549333339704
0.003413421400000516
0.0034088017333331775
0.0034636270000000025
0.0034611646666673343
0.0034184655333331666
0.003495453600000313
0.003582299800000044
0.0035501644000004735
0.0035639582666663707
0.0035305663333325297
0.0035488852000002662
0.003455977466667074
0.0034673321333329454
0.003438228466666497
0.003532294466666741
0.003514490000000592
0.0034810237333334254
0.0034873040666662785
0.0035500857333332194
0.003554355666665998
0.003551979800000045
0.0034970014666669156
0.003551368666666832
0.0035569770666671256
0.003518284133332846
0.0035900019999999698
0.0035094193333335966
0.003683775466666361
0.0035980216666672503
0.0035866800666665218
0.0038718799333328966
0.0038458744666667617
0.0036480920666664457
0.003580320199999676
0.0035953496000007117
0.0035589023333332174
0.003683508866667277
0.00361357473333328
0.00359825333333319
0.0035983119333340124
0.003609687199999693
0.0037380128000002342
0.0036800765333334577
0.00366488813333324
0.003627414266666307
0.0036481854666665942
0.003654616733333427
0.0036349245333333613
0.0036129523333331783
0.003653653933333582
0.003638593333333754
0.0036111099333332674
0.003660153000000103
0.0036220050666666264
0.0036962191333337556
0.0036661577999995624
0.0036482705333334307
0.0036908258000003967
0.0041412467999997205
0.0037954628666660994
0.0038432870666670264
0.0036843717333328624
0.003815324266666664
0.0037178996666663504
0.0036896645333328593
0.0037641441333335023
0.0037396598000000838
0.003776477333333143
0.0037015397333334476
0.003926218866666886
0.003753673400000442
0.003728302400000416
0.003780219933333247
0.003997393800000045
0.0038394436666666348
0.003816699399999616
0.003783636199999544
0.0037690447999999322
0.003745026266665974
0.0037532144666663214
0.0038497866666671616
0.003807624466666463
0.003836470666666969
0.0037957357333330793
0.0038047239999997374
0.00384031539999962
0.0038297462666667076
0.00381890839999978
0.003939620066667023
0.003831535866666987
0.0038125404666665475
0.0038323286000003045
0.00387269140000015
0.003838349933333518
0.0038386635999996107
0.0038529124666669174
0.0038785675999993903
0.003837165866667173
0.0038500396000001064
0.0038487379999999406
0.003869531333333498
0.003913234133333295
0.0038496441333336407
0.0039845691333335745
0.003872132799999643
0.003904182866666872
0.0038602289333340423
0.0038711967333334486
0.003975021266666563
0.003940962600000357
0.004031066199999363
0.003953801200000366
0.003911465533333333
0.003936195933333409
0.003935223466667044
0.003964990799999413
0.004002271600000285
0.004026789666666749
0.004103960533332677
0.0039745481333333995
0.0039703542000000406
0.003989057333333316
0.003919188866666919
0.003951536533333666
0.003961498333333206
0.003984036933333357
0.004022855466667845
0.004001993666666692
0.003989560266667051
0.0039913240666668535
0.004009139933333946
0.004101868133333634
0.00400610486666532
0.004310025400000939
0.004104188399999487
0.004040360733332685
0.004147017066667521
0.004075516200000588
0.004020730066665598
0.004040994999999725
0.004067895600000782
0.004105497999999367
0.004125750666666761
0.004054699133333865
0.004100466199999176
0.004075094533332427
0.004174530000000705
0.0041504471999995
0.00413609446666688
0.004155962866666603
0.004052542866667844
0.004060104266666542
0.004091098733333827
0.0041170612666671024
0.0041403778666676775
0.004083407466666718
0.004120776466667545
0.004166077599999104
0.004081634600000447
0.004193354066666188
0.004123007799999812
0.004128409800000554
0.004110540866666194
0.004192516466666992
0.00411077493333399
0.0041353803333336716
0.004113527133333151
0.0041541229333338
0.004214617733332204
0.004147821933333281
0.004124831266666717
0.00419809199999861
0.004217051400000571
0.004125147533333025
0.004276181333333777
0.004158947266667212
0.004159061933333892
0.004233777533333693
0.004224449400000196
0.004451249533332676
0.004210972066667295
0.00434718673333189
0.00424164366666749
0.004269874533333014
0.004220036733333643
0.004270302599999809
0.004210799400000079
0.0045059696000000335
0.004316427066664138
0.00463450166666585
0.004441724466666604
0.004826495866667339
0.004495784666665751
0.004678771866666883
0.004521812133333943
0.005398743333332827
0.0048073034666662314
0.004424567266665254
0.004513277733334083
0.0044731652666669675
0.004309647933332409
0.004428011333332904
0.004331626000000218
