0 5.859999999996423e-07
1 4.0139999999896925e-07
2 1.555799999999885e-06
3 2.544999999999631e-06
4 3.733500000000639e-06
5 5.135499999999599e-06
6 6.692999999999976e-06
7 8.37289999999838e-06
8 1.0216899999999917e-05
9 1.2267799999999412e-05
10 1.4318199999999864e-05
11 1.692699999999922e-05
12 1.922019999999816e-05
13 2.172740000000173e-05
14 2.452080000000037e-05
15 2.7630399999999806e-05
16 3.1649499999999996e-05
17 3.2973399999999124e-05
18 3.609650000000117e-05
19 3.9692800000000475e-05
20 4.341999999999957e-05
21 4.763820000000113e-05
22 4.937839999999971e-05
23 5.374130000000005e-05
24 6.77388000000001e-05
25 6.231660000000014e-05
26 6.655189999999895e-05
27 7.120259999999976e-05
28 7.730089999999912e-05
29 8.543370000000175e-05
30 8.572020000000014e-05
31 9.486350000000032e-05
32 9.632460000000078e-05
33 0.00010743920000000073
34 0.0001111593000000001
35 0.00011337260000000085
36 0.00011919859999999921
37 0.0001236583000000041
38 0.00012802959999999724
39 0.00013262639999999797
40 0.00013407000000000002
41 0.0001401814000000015
42 0.0001515080000000002
43 0.00015811619999999972
44 0.00015716759999999803
45 0.00016864720000000222
46 0.00020190759999999807
47 0.00018049699999999892
48 0.00018633860000000086
49 0.00018910679999999957
50 0.00019228659999999674
51 0.00020078409999999686
52 0.00019723740000000267
53 0.00021011980000000264
54 0.00021667899999999878
55 0.00022013939999999816
56 0.00023666299999999807
57 0.00023802630000000074
58 0.0002386883000000034
59 0.0002489820999999989
60 0.0002641756000000009
61 0.00025941219999999903
62 0.0002794298999999986
63 0.0002796514
64 0.00029047599999999785
65 0.00029063649999999804
66 0.0003006483999999976
67 0.0003099112999999959
68 0.0003220914999999963
69 0.00033103550000000427
70 0.000343287400000003
71 0.00034392079999999713
72 0.0003625903000000014
73 0.0003647521000000015
74 0.0003908404000000032
75 0.00038358069999999965
76 0.0004047290999999953
77 0.00039918459999999654
78 0.0004292852000000014
79 0.0004188183999999928
80 0.0004580978000000041
81 0.0004412787999999973
82 0.0004532397000000021
83 0.0004700144000000017
84 0.000493674999999999
85 0.0004867654000000027
86 0.0005213822000000035
87 0.0005196182999999994
88 0.0005238059999999988
89 0.0005255972999999969
90 0.0005385921999999987
91 0.0005604035000000007
92 0.0005907886000000029
93 0.000592714500000005
94 0.0006115704000000055
95 0.000598902200000001
96 0.0006264374999999988
97 0.0006241125000000014
98 0.0006990319999999994
99 0.0006546322999999965
100 0.0006876004999999963
101 0.0006806133999999964
102 0.0006832097000000093
103 0.0007552765999999988
104 0.00071437359999999
105 0.0007237974000000036
106 0.0007643697000000004
107 0.0007699349000000022
108 0.0008500375999999976
109 0.0008578477000000029
110 0.0007954153999999991
111 0.0008699233999999945
112 0.0008288447000000032
113 0.0008488387000000041
114 0.000869578199999993
115 0.0008896521000000046
116 0.0008895369000000098
117 0.0009221848000000032
118 0.0009192213999999921
119 0.0009352730000000032
120 0.000978498
121 0.0009556948000000121
122 0.001028451899999988
123 0.0010110317000000036
124 0.0010091059999999985
125 0.001044230200000007
126 0.0010951833999999882
127 0.0011008328000000067
128 0.0010646248999999553
129 0.0011054877000000185
130 0.001106946200000003
131 0.0011122802000000042
132 0.001136737100000007
133 0.0011606553000000019
134 0.0011605292999999795
135 0.00119772090000001
136 0.0012595808000000041
137 0.0012462689000000027
138 0.0013544114999999746
139 0.001397717300000001
140 0.0013176678999999858
141 0.0012955761999999926
142 0.0013194132000000191
143 0.001339777200000003
144 0.0013638786999999985
145 0.001438904399999974
146 0.0013805151000000015
147 0.0014136986999999878
148 0.0014362591000000036
149 0.0015376571999999977
150 0.0014670616999999941
151 0.0014462880999999816
152 0.0015554419000000097
153 0.0014979661000000034
154 0.0016589501000000006
155 0.001775560200000026
156 0.0015862589999999788
157 0.0015798199999999985
158 0.0017010526999999942
159 0.0016295046999999952
160 0.0016811280000000096
161 0.001766912800000009
162 0.0017287954000000383
163 0.0017247549999999778
164 0.001746962200000013
165 0.0017554821999999914
166 0.0017919887000000356
167 0.001803975099999988
168 0.002102918900000006
169 0.0020531418000000025
170 0.001867327800000007
171 0.0020148937999999285
172 0.0019518995000000316
173 0.0019352408000000044
174 0.0019470268999999707
175 0.0019896373999999995
176 0.002000054699999998
177 0.0020761031000000154
178 0.002080459800000045
179 0.0022163938000000273
180 0.002335441599999988
181 0.0022655793000000203
182 0.00218737120000001
183 0.0021483130000000015
184 0.0021810077000000037
185 0.002195515499999923
186 0.0022296571000000264
187 0.002242369600000016
188 0.0022491094000000045
189 0.002291047400000035
190 0.0023203119999999577
191 0.0023070878999999823
192 0.002398793599999993
193 0.0024743540000000007
194 0.002431768100000009
195 0.0024100165999999977
196 0.002588790200000002
197 0.0025275797999999793
198 0.002751967900000052
199 0.002530426900000027
200 0.0025576212000000486
201 0.002678053999999963
202 0.0026102443999999727
203 0.002608253499999935
204 0.0026442788999999855
205 0.00273057710000002
206 0.0027326326999999482
207 0.002847019200000034
208 0.0027437452000000475
209 0.0028077813999999534
210 0.0029073166000000315
211 0.0028617791000000725
212 0.003023363800000034
213 0.00289349100000007
214 0.0029086637999999887
215 0.0029477884999999037
216 0.0031770301999999974
217 0.0030607011000001183
218 0.0031457612000000525
219 0.0030658907000000292
220 0.003103278000000076
221 0.0032487849999999876
222 0.003145605600000012
223 0.003144278400000022
224 0.003166051300000072
225 0.003204963999999988
226 0.0032492077999999756
227 0.0032629629999998853
228 0.003308166699999937
229 0.0034017445000000812
230 0.0037113522999998594
231 0.0034625554999999863
232 0.0034213870000000314
233 0.0034997161999999805
234 0.0034987597999999397
235 0.003507396600000012
236 0.0035200436000000224
237 0.0035470979000000293
238 0.0036068881999999913
239 0.0036069036000000664
240 0.0037524158000000083
241 0.003827624200000068
242 0.0036860707000000215
243 0.0036786328999999897
244 0.003774675499999924
245 0.0038571950999999327
246 0.003922167000000032
247 0.003919188499999971
248 0.003943546999999992
249 0.004010677399999984
250 0.0039492102999999276
251 0.003978783099999994
252 0.0040531048999999705
253 0.004036254500000025
254 0.004019380800000016
255 0.004045549300000051
256 0.004243133400000154
257 0.004256972499999989
258 0.00418682920000002
259 0.0042314420999999495
260 0.0042617129000000805
261 0.004294737400000059
262 0.0043294064999999105
263 0.004316203700000099
264 0.004424990999999867
265 0.004433035899999993
266 0.004477554500000025
267 0.004513043099999958
268 0.004517360799999803
269 0.004537145200000037
270 0.00458079799999993
271 0.004637664799999897
272 0.004727239200000266
273 0.004769279200000032
274 0.004688685900000156
275 0.004747701299999995
276 0.004789801100000002
277 0.004829633800000099
278 0.004894127599999987
279 0.0050067753999999635
280 0.0051746374999999565
281 0.004954714199999888
282 0.004991117799999856
283 0.005032082000000137
284 0.005098322699999968
285 0.005140373099999795
286 0.005301033799999999
287 0.005193954099999764
288 0.005240222199999955
289 0.005202121600000087
290 0.0052573771999999686
291 0.0053741108999999735
292 0.005489924099999932
293 0.005403155499999901
294 0.005431809699999945
295 0.005499673799999982
296 0.0054801178999999145
297 0.005532161900000077
298 0.005658634100000182
299 0.00566573039999998
300 0.005688941899999999
301 0.005820682399999999
302 0.005741072300000027
303 0.005751953400000254
304 0.005904836999999929
305 0.005838866399999976
306 0.005889947300000031
307 0.005887824900000105
308 0.005968842399999908
309 0.0060251347000001235
310 0.006074977299999951
311 0.0060932342000000975
312 0.006106496300000064
313 0.006212676699999964
314 0.006210247800000168
315 0.006414697199999963
316 0.00633710909999996
317 0.006374553400000061
318 0.0064155561999998945
319 0.006879862399999936
320 0.006987006299999798
321 0.006529533999999959
322 0.006518695399999874
323 0.006629412999999929
324 0.006623002200000094
325 0.0067579406000001
326 0.006687159099999907
327 0.0067300265000000085
328 0.006814449799999967
329 0.006901191800000017
330 0.006937254600000031
331 0.006962170699999781
332 0.006944772300000057
333 0.007017131600000059
334 0.007301421300000044
335 0.007037893900000114
336 0.007184127800000262
337 0.007237749599999788
338 0.007292814200000208
339 0.007319051500000206
340 0.007275626500000065
341 0.007386233899999972
342 0.007428301300000229
343 0.00742871900000015
344 0.007833595099999969
345 0.00749845659999977
346 0.0075756206000001216
347 0.007529147800000047
348 0.007693551899999563
349 0.007668165499999979
350 0.007711358200000085
351 0.007744380400000139
352 0.007860100900000333
353 0.007890088499999948
354 0.008152267399999857
355 0.008102008999999554
356 0.008227865099999931
357 0.008219833699999768
358 0.008188112200000042
359 0.008135146700000285
360 0.008429985100000082
361 0.00822859789999999
362 0.008278212899999814
363 0.008276139199999833
364 0.008453501599999847
365 0.00849593689999999
366 0.008397224800000025
367 0.00845311990000024
368 0.008854236500000213
369 0.00847412560000027
370 0.008611122500000156
371 0.008579190399999704
372 0.008717649799999805
373 0.008733939799999924
374 0.008834822899999928
375 0.009106328800000086
376 0.008913689899999789
377 0.00908548189999987
378 0.009010603399999794
379 0.009084115500000323
380 0.00923866180000008
381 0.009078296700000266
382 0.009233385299999597
383 0.009304929000000151
384 0.009303694799999995
385 0.009343954500000074
386 0.009325429899999804
387 0.009420632400000174
388 0.00941228739999982
389 0.009439175899999697
390 0.009620950900000124
391 0.009703370199999917
392 0.009614908200000017
393 0.009683710799999723
394 0.009725806099999623
395 0.009787639400000003
396 0.009888031399999875
397 0.009951651699999963
398 0.009919285900000041
399 0.01001996649999981
400 0.010048349400000055
401 0.010292999000000158
402 0.010185429699999738
403 0.010205570599999981
404 0.010241378099999743
405 0.010331935700000194
406 0.010313115599999811
407 0.010448095099999933
408 0.010544014300000093
409 0.010498803999999673
410 0.010971746700000118
411 0.010611479400000156
412 0.010588131499999954
413 0.011140747800000206
414 0.01091424110000041
415 0.011135627800000058
416 0.010966049700000013
417 0.010944177100000018
418 0.011013186899999994
419 0.011157811999999722
420 0.01105884039999978
421 0.011204701700000185
422 0.011206176600000362
423 0.011234312900000987
424 0.01136793669999996
425 0.011328206399999274
426 0.011413475600000566
427 0.011535640299999272
428 0.011745861699999693
429 0.011634255499999923
430 0.01166891999999926
431 0.011825143700000141
432 0.011823627099999356
433 0.011763899800000388
434 0.012019575000000771
435 0.01188970619999985
436 0.012011751600000408
437 0.012092583200000461
438 0.012075919199999419
439 0.012231418600000054
440 0.012207259499999878
441 0.012246194200000815
442 0.012316168900000691
443 0.012385959100000222
444 0.012453596000000289
445 0.012618192699999397
446 0.012572248799999386
447 0.012658242000000541
448 0.01263216429999936
449 0.01268292449999997
450 0.012901131099999574
451 0.013180263199999941
452 0.013121947600001604
453 0.013538739400000565
454 0.013478683799999659
455 0.013971712400000414
456 0.013241974099998898
457 0.013427756199999053
458 0.013346846299999271
459 0.013752184499999843
460 0.013480705499999957
461 0.013530820499999407
462 0.013501615100000919
463 0.013465472200000406
464 0.013602554399999888
465 0.013688000299999814
466 0.013708534799999584
467 0.01382743590000075
468 0.013831684399999489
469 0.013998907900000291
470 0.013978153200000065
471 0.014121687599999433
472 0.014162569499999833
473 0.014318538000000203
474 0.014627479199999627
475 0.014435559600000047
476 0.014411705300000577
477 0.014586417900000015
478 0.014464671600000756
479 0.014602157900000278
480 0.014649260000000197
481 0.014743691200001408
482 0.014704354299999878
483 0.014736321200001257
484 0.014787996199999754
485 0.014976989899999538
486 0.015001898800000291
487 0.015000077600000595
488 0.015388931599999368
489 0.015162442400000132
490 0.015166175499999924
491 0.015323825899999833
492 0.015336622799999233
493 0.015372757899999456
494 0.015605197000000005
495 0.015500105900000349
496 0.015568497500001045
497 0.01577180559999931
498 0.015775832399999957
499 0.015754627399999777
500 0.015913934700000354
501 0.016128989300000285
502 0.016046369400000416
503 0.016063225999999986
504 0.016160199299999078
505 0.016175108199999854
506 0.016303015899999808
507 0.016478699600000014
508 0.0163745291000005
509 0.01648872290000014
510 0.016552576199999437
511 0.016675172899999778
512 0.016658581299999753
513 0.017141241200000223
514 0.016839508600000386
515 0.016840092000000695
516 0.016837428799999544
517 0.017621812100000512
518 0.017191961700001458
519 0.017241983499999593
520 0.017232096099999695
521 0.017276197999999708
522 0.01729955780000054
523 0.017430663200000397
524 0.017663952800000614
525 0.01747775780000005
526 0.017707050099999577
527 0.017687848599999258
528 0.01771515629999918
529 0.017712699799999853
530 0.017964239000000503
531 0.01789222549999927
532 0.018090646000000987
533 0.018251087999998816
534 0.01834767820000067
535 0.01853480359999935
536 0.018376740800000846
537 0.01843234460000076
538 0.01847142230000145
539 0.01845920949999922
540 0.018444055299999464
541 0.018740977999999586
542 0.01896323819999992
543 0.018844473400000793
544 0.018860544300000014
545 0.018943213499999702
546 0.019269787300000018
547 0.019200709900000133
548 0.01914186500000099
549 0.019293441899998952
550 0.01943054150000023
551 0.019490186500001273
552 0.019333232100000687
553 0.019557760499998977
554 0.019654394199999814
555 0.019756131899998763
556 0.02007719440000031
557 0.019847366500000872
558 0.01987571219999822
559 0.019971550500000036
560 0.020035888200001038
561 0.020127093999999346
562 0.020112623200000002
563 0.02019857100000024
564 0.0204201167000015
565 0.020528438399999516
566 0.0220099912000002
567 0.02046718420000033
568 0.02059092529999873
569 0.020692124199999284
570 0.021069796100001526
571 0.020948669900000993
572 0.020908209399998157
573 0.020972854800000818
574 0.021018343600000832
575 0.02114436390000023
576 0.021804148300000038
577 0.021263341300000606
578 0.021424635899997924
579 0.021480611700000197
580 0.021513007000000785
581 0.02147165079999951
582 0.021906148100001133
583 0.02175915520000018
584 0.021867605900000343
585 0.022249694499998897
586 0.022115405499999952
587 0.022062168100001854
588 0.02226217489999911
589 0.022669920800001363
590 0.022374599400000507
591 0.022467789699999942
592 0.022749663000000454
593 0.022663526700000602
594 0.023133444500000877
595 0.02303674259999866
596 0.022821727199999486
597 0.023138503600000603
598 0.022956927099999545
599 0.02311404230000136
600 0.023210704200001687
601 0.023391035699999917
602 0.023623722499998934
603 0.02364332999999874
604 0.024334691399999997
605 0.023660437100000563
606 0.02447658319999988
607 0.023752822099999092
608 0.024031568800000257
609 0.02390413150000157
610 0.024284855300001594
611 0.024828420300001142
612 0.024368839999999635
613 0.024270204700000166
614 0.024277548699999586
615 0.024517908200000705
616 0.02507424609999944
617 0.024764005800000887
618 0.02473882010000139
619 0.02492425630000099
620 0.024797046300000857
621 0.024799231300001168
622 0.024775038800000003
623 0.02546228660000125
624 0.02501024229999871
625 0.025136601200001253
626 0.02518713339999934
627 0.02575462009999967
628 0.02533763749999949
629 0.02534321079999984
630 0.025489168899999727
631 0.0257136808999995
632 0.025635965400000772
633 0.025703049000000533
634 0.02618195449999803
635 0.027109398099999994
636 0.027200501400000122
637 0.026168954899999618
638 0.02698471769999884
639 0.026470206599999102
640 0.026875228599999447
641 0.026829653600000825
642 0.027046265700000304
643 0.026849436699999528
644 0.02704096550000088
645 0.027112537400000747
646 0.02677341659999897
647 0.02693596840000012
648 0.027004239499999017
649 0.02725519940000041
