2.826000000004381e-07
2.449999999987185e-07
1.85564999999957e-06
1.755950000001394e-06
1.8737500000007984e-06
1.972399999999874e-06
2.1186499999995693e-06
3.680100000000297e-06
3.6873500000002972e-06
3.9111999999983524e-06
4.099299999998917e-06
5.610049999999963e-06
7.119800000000148e-06
7.088250000000101e-06
7.780449999999008e-06
9.630249999999576e-06
9.06790000000067e-06
7.945749999999432e-06
1.0448899999999233e-05
1.1079200000000192e-05
1.1541249999999503e-05
1.138840000000016e-05
1.2357450000000103e-05
1.3769200000000522e-05
1.3330149999999166e-05
1.503259999999923e-05
1.6960950000000433e-05
1.4549499999997815e-05
1.832565000000029e-05
1.9534699999998114e-05
1.9637650000000827e-05
1.606209999999997e-05
2.3039700000001412e-05
1.866884999999971e-05
1.8180700000000258e-05
1.873535000000079e-05
2.356149999999946e-05
2.011659999999957e-05
2.6368799999999804e-05
2.477905000000044e-05
2.674429999999922e-05
2.646815000000302e-05
2.8078850000000376e-05
3.07605999999995e-05
2.9877450000001528e-05
3.706215000000151e-05
3.7544850000000715e-05
3.9264800000001623e-05
4.1892699999999254e-05
3.4658300000001836e-05
3.623929999999956e-05
3.39297999999974e-05
3.926980000000108e-05
4.136259999999794e-05
4.1689849999999165e-05
4.3189649999999384e-05
4.505069999999889e-05
4.276295000000055e-05
3.93117500000012e-05
4.2355249999997954e-05
4.223280000000204e-05
4.492229999999986e-05
4.2353449999998906e-05
4.268645000000196e-05
4.5508549999998675e-05
4.343449999999957e-05
4.6962250000001646e-05
4.601615000000211e-05
5.379715000000257e-05
4.635795000000123e-05
5.103045000000028e-05
5.4118599999998517e-05
5.297339999999762e-05
5.900445000000046e-05
6.217534999999954e-05
5.0415999999999654e-05
6.383255000000087e-05
5.8265899999999235e-05
5.419239999999923e-05
5.8103749999997846e-05
5.8500849999999774e-05
5.845530000000224e-05
5.9772400000001474e-05
6.402535000000139e-05
5.840420000000068e-05
6.193919999999826e-05
6.438184999999902e-05
6.248054999999989e-05
6.231164999999928e-05
6.176309999999865e-05
5.783704999999944e-05
6.0735150000001265e-05
6.07458499999998e-05
6.1867899999999e-05
6.435200000000085e-05
6.434934999999947e-05
7.431210000000063e-05
6.999805000000025e-05
6.662520000000338e-05
7.316534999999986e-05
7.096109999999989e-05
7.689559999999873e-05
7.244720000000455e-05
7.733629999999852e-05
9.018009999999798e-05
7.306280000000386e-05
7.59387000000028e-05
7.669155000000066e-05
7.923665000000025e-05
9.522775000000011e-05
8.56230999999999e-05
8.686804999999687e-05
8.546269999999828e-05
9.945014999999946e-05
8.809050000000152e-05
8.631625000000004e-05
9.337059999999509e-05
8.631210000000223e-05
8.928709999999895e-05
0.0001123386000000004
9.613069999999946e-05
0.00010267769999999371
0.000103413799999999
0.00010617305000000105
0.00010690124999999801
0.00010867875000000193
0.00010336889999999904
0.0001062426499999991
0.00011274195000000043
0.0001081499500000041
0.00010445285000000304
0.00010695389999998973
0.00010593110000000211
0.00010700715000000055
0.00011003554999999832
0.00010788519999999774
0.0001074411499999997
9.637910000000056e-05
0.00011116630000000266
0.00010588134999999916
0.00010689329999999664
9.754460000000465e-05
0.0001066573499999987
0.00010095974999999868
0.00010307950000000287
0.00010755109999999735
0.00010812935000000246
0.00011503000000000208
0.00011228974999999835
0.00011258945000000159
0.00011527959999999976
0.00010664825000000072
0.00011311854999999926
0.00011506074999999699
0.00011080179999999883
0.00011554415000000206
0.00012197045000000294
0.00012467584999999726
0.00011780080000000914
0.00012125169999999408
0.00011681529999999219
0.00011949155000000322
0.00012324239999998986
0.00012544600000000128
0.00013006564999999416
0.00012617894999999714
0.00013642519999999825
0.00011749604999999607
0.00012236224999999655
0.00013070329999999853
0.0001285985000000156
0.00013078524999999842
0.00012243340000000214
0.00012494599999999801
0.00012805214999999092
0.00012668839999999682
0.00013177114999999296
0.000134914599999994
0.0001518460500000013
0.00014716159999999813
0.00014107055000000258
0.0001389961000000023
0.0001407865000000036
0.00014491885000001426
0.00014201759999999953
0.00016339839999999494
0.0001443801500000008
0.00015938024999999912
0.00013362759999999697
0.00015377820000000154
0.0001933514499999983
0.00016283549999999424
0.0001434392499999909
0.0001410747999999906
0.00014906634999999613
0.00018807069999999816
0.00015958944999999725
0.00014951549999999146
0.00015280965000000202
0.00016883539999999476
0.0001729748499999989
0.00017161519999999987
0.00014661530000000255
0.00014862700000000396
0.00015242259999999618
0.0001749861999999991
0.00015468770000000575
0.00017060760000000007
0.00016138719999999885
0.00017877680000000505
0.0001733800999999896
0.00016622460000000893
0.00017017514999999873
0.0001663692999999883
0.00018497055000000763
0.00016599809999999217
0.00017094449999999206
0.0001847777000000106
0.00016816794999999774
0.00017562564999999973
0.00018745324999999978
0.00017557835000000244
0.0001700090999999987
0.00019342089999999922
0.00017662779999998713
0.00017772704999999555
0.00018821169999999886
0.0001781907000000027
0.00018425110000000743
0.00017143964999999928
0.00018417609999999419
0.00019310039999999583
0.00018161155000000483
0.00020694629999999382
0.00019206150000000143
0.0001990313999999993
0.00021495030000001636
0.0001939834000000029
0.0001815286999999999
0.0001989086499999848
0.00019360704999998868
0.00020924575000000334
0.00018736044999997925
0.00021712425000001702
0.0002248604999999959
0.0002111713000000015
0.000194729700000007
0.0001983475499999998
0.00018867379999999988
0.00020488004999999476
0.00020711679999999567
0.00021155669999999293
0.0001963153499999981
0.000205241549999996
0.00020784999999998166
0.00019302045000000324
0.00020332625000000216
0.00021599939999999984
0.0002107671499999908
0.00022505799999999465
0.00021364800000000516
0.00022461065000000112
0.00021274165000001455
0.00020512089999998872
0.00022727404999999256
0.00020872855000000356
0.00022193025000001864
0.00021721084999998252
0.0002140520500000076
0.00020642625000000803
0.00021224365000000467
0.0002325443500000246
0.00021932415000001094
0.0002272909500000031
0.00023785989999999813
0.00023235680000001092
0.00022632640000001537
0.00022666530000000072
0.00023289854999998804
0.00021818785000000674
0.00022744104999999348
0.00021246955000001622
0.0002402719500000039
0.00024177194999999707
0.0002243324500000088
0.00024949839999999224
0.00022689175000000227
0.00025019679999999653
0.00023494825000001108
0.00023408219999999648
0.00024518950000000373
0.00023663340000000256
0.0002698516000000095
0.00023110335000000036
0.00025923699999998997
0.00024578320000000485
0.00026765345000001606
0.0002575275500000029
0.00025162474999999574
0.0002597007499999859
0.0002526012499999841
0.0002776475499999875
0.00026090494999998494
0.000237954600000001
0.0002428804499999937
0.000261946399999996
0.0002474662999999933
0.0002715166499999977
0.0002581143499999994
0.0002512535499999913
0.00026167400000000064
0.0002577563500000046
0.00026159010000000315
0.00026743865000000146
0.00027398624999998565
0.00025152319999998676
0.0002664224000000104
0.00024881160000000404
0.00025859080000000255
0.00029185230000000064
0.0002776281500000033
0.0002652345500000042
0.00026084484999999713
0.00030232150000001343
0.00027297370000000656
0.0002886209000000139
0.00027274145000001914
0.00027765105000000513
0.0002674331000000141
0.00027730880000000345
0.00027412745000001125
0.0003014711499999989
0.00026345885000002566
0.00028959220000003284
0.0002857654000000265
0.00028866995000000897
0.0002923051000000232
0.00029259175000000414
0.0003013929500000123
0.00027800960000003985
0.0002862142999999984
0.0002832379999999746
0.00031235035000001246
0.00028492690000000433
0.00029325449999997313
0.00028371615000000183
0.00028546995000002797
0.0002960207999999742
0.0002896689000000174
0.0003574917000000122
0.0003233222000000202
0.00028709165000000424
0.00030933474999997876
0.0003267411500000317
0.0003225217499999933
0.00029112479999999775
0.0002931535000000096
0.0002906858000000234
0.0003369307499999863
0.0003266182500000103
0.0003004557500000171
0.0002938772000000256
0.00030688105000000745
0.0003195026999999628
0.00035082015000000857
0.00031854510000000057
0.00030705005000000176
0.00030860280000003513
0.0003089296499999783
0.0003607137499999968
0.0003166404500000275
0.00030347189999999633
0.00030539655000002555
0.00031671909999999583
0.0003376339999999978
0.00032828015000002653
0.0003098806499999829
0.0003038093999999991
0.0003268998000000134
0.00034059284999999885
0.00034067464999999465
0.0003183543000000011
0.00032510009999997536
0.0003075351500000156
0.0003547393999999926
0.00032184565000001884
0.00032732694999999535
0.00033118420000002315
0.0003206522499999864
0.0003331154999999808
0.0003316649499999991
0.0003214847000000298
0.0003273344999999872
0.00033898609999999385
0.0004074710000000037
0.0003691323500000232
0.0003277404499999914
0.0003313058999999674
0.00036113855000000636
0.00034108875000001817
0.00037135364999999474
0.0003454784500000141
0.000368747150000015
0.0003495198999999838
0.0003742157500000287
0.0003381605999999815
0.0003817384999999951
0.00035898404999996637
0.0003533386500000235
0.00035769310000000054
0.00035633604999995016
0.000359995599999996
0.0003620924999999886
0.00033742475000000385
0.0003469622499999936
0.00035672080000004325
0.0004083797499999764
0.0003460811500000216
0.0003602731500000012
0.0003627878999999834
0.0003731307499999836
0.00040894120000000144
0.0004028641999999749
0.0003703467999999988
0.00039160539999999466
0.0003729799500000297
0.0003552858499999978
0.00037908724999999863
0.0004163325000000051
0.0003704386500000156
0.0003608414999999976
0.000375787150000062
0.0003844592000000202
0.0003910396999999732
0.0003651228000000062
0.000348222499999995
0.0003663401999999816
0.00037582925000000377
0.00038786360000000466
0.0003815233999999834
0.000401094550000014
0.00038996700000003547
0.0004133997000000056
0.00038532625000000655
0.0003887085999999873
0.00037942039999997455
0.0003947619500000221
0.00042471249999999073
0.0003934858999999902
0.00039177200000001244
0.0004084477999999669
0.000407547199999958
0.0003986903000000153
0.0004065987000000049
0.00043713119999999606
0.00040873420000003824
0.0004293347999999697
0.00039190574999997674
0.0006063192000000051
0.0004879854499999836
0.0005124337000000145
0.0004723837500000383
0.00044640635000000597
0.00043468310000001066
0.0004123656499999906
0.00040277524999998704
0.00043826375000004524
0.00039790260000003295
0.00042731525000003765
0.0003930581500000141
0.00042274840000002813
0.0004028835000000397
0.00044531480000000736
0.000404627749999964
0.0004221140500000775
0.00042958799999992525
0.0004532166500000212
0.00042365330000000424
0.00043244254999996734
0.00040368594999995455
0.00045095410000000057
0.00043556140000007294
0.00041304910000001805
0.0004174855000000477
0.00042572835000009857
0.0004643013000000584
0.0004132614499999576
0.0005214567000000336
0.0004427279500000436
0.0004256328499999462
0.0004129774500000627
0.00046269980000002153
0.0006432851000000462
0.0004461435000000291
0.0004675170500000325
0.00045306699999996257
0.00045073230000003406
0.00044061630000005183
0.00044357165000008525
0.00044171730000006624
0.00043067304999999667
0.000451670049999997
0.00044889965000003416
0.0004585788500000021
0.00045618464999994666
0.00046715455000001516
0.0004400860499999881
0.000467652200000046
0.00045489139999996817
0.000458526549999938
0.00044411745000001447
0.00043852090000000564
0.0005296409499999655
0.00046749764999998167
0.0004576856999999546
0.0004919164000000587
0.00045990550000001295
0.00045137655000007106
0.00046162685000004087
0.0004691706500000725
0.000463053249999934
0.00043637905000002417
0.00048661399999996304
0.0005446937999999957
0.00047792335000005346
0.0004693390499999284
0.0004571902999999544
0.0004752580999999756
0.00046704095000000835
0.0004890779999999984
0.0004622635999999902
0.0005214413000000695
0.00046607339999997776
0.0004655224000000624
0.0004838530500000049
0.00047315109999996886
0.0005123862999999007
0.0004825461000000031
0.00045798439999997773
0.0005164472500000627
0.0004611272499999597
0.0004621885499999312
0.0004931743999999627
0.0005116190500000118
0.0004827349499999745
0.0004789649500000381
0.0004984891999999519
0.0004766551999999313
0.0004988710000000563
0.0004784574499999472
0.0005249056499999627
0.00047027899999994014
0.0004941481999999997
0.0005153326500000555
0.0004850113000000267
0.0004888816999999657
0.0005521915000000543
0.0005055510500000082
0.0004828361499999545
0.0004976195999999878
0.000532610749999951
0.0005043378999999737
0.0005443314999999726
0.0004971417999999339
0.0004956598000000145
0.0005195688000000587
0.0005248505499999556
0.0005333335000001326
0.0005297744000000604
0.0005065939000000296
0.0005037870500000485
0.0005231758999999947
0.0005287610999999525
0.0005024315999999862
0.0005235734500000256
0.0005134830500000076
0.0005194715500000501
0.0005352597000000348
0.0005078256000000225
0.000502703449999986
0.0005151667499999846
0.000532105850000053
0.0005017346000000033
0.0005370287500000792
0.000574012150000014
0.0005183297000001197
0.0005219921499999725
0.0005630058499999979
0.0005347198000000164
0.0005655459500000015
0.0005449307999999764
0.0005709841999999687
0.0005107801999999717
0.000525101349999968
0.0005845889999999798
0.000541480999999977
0.0005422534500000076
0.0005848731500000426
0.0005514337499999966
0.0005968926999999624
0.0005286164000000149
0.0005546754500000528
0.0005596306500000425
0.0005701138000000272
0.0005640623999999983
0.0005489245500000184
0.000568223099999976
0.0005473182999999659
0.0005654919999999563
0.0005531663499999783
0.0005533696000000532
0.0005842101499999419
0.0005306183499999672
0.0005753916500000012
0.000614146850000008
0.000554156300000086
0.0005749975499999893
0.0005627615500000127
0.0005628331499999862
0.0006140162000000781
0.0005521862000000155
0.000546542650000048
0.0006111707000000077
0.0005735283999999119
0.0005559580000000563
0.0005612692500000405
0.0005461748999999738
0.0005768315499999899
0.000548265650000035
0.0005436762999999623
0.0005784805500000046
0.0005849137500000045
0.0005776607499999864
0.0005790998999999575
0.0005873924999999725
0.0005483555500000126
0.0006024274999999913
0.0005782212500000661
0.0005995866000000349
0.0006156567500000155
0.0005748388500000478
0.0005935600500000416
0.0005939822000000427
0.0005854355499999464
0.0006038137999999415
0.0005754599999999055
0.0005997533999999805
0.0005971400499999779
0.0005841218999999232
0.0006406940000000638
0.0005957816999999643
0.0005602618500000212
0.0006369537500001243
0.0005825271000000854
0.0006043890500000426
0.0006417612499999503
0.0005606378999999162
0.0006125725500000456
0.0006931325500000973
0.0006259769000001025
0.000581324499999969
0.0006000066499999068
0.0005941876999999707
0.0006200235999999748
0.0006040826000000444
0.0006094573999999131
0.0006121198500002034
0.0005971506000000293
0.0008326974500000084
0.0006555660000000074
0.0006133843000000639
0.0005970889499998577
0.0006004911999999418
0.0006340390000000972
0.0006201514000000241
0.0006106389500000198
0.0006328694999999662
0.000646624350000069
0.0006146949000001456
0.0006537054000001153
0.0006387170999999636
0.0006809261999998651
0.0006427637000000708
0.0006384270499998568
0.0006046501499999746
0.0005979855500000575
0.0006788108499999445
0.0006326448500000303
0.0006572907000000683
0.0006226722500000115
0.000642427850000038
0.0006481106500000333
0.0006226326000000615
0.0006839982999999438
0.0006398808499999298
0.0006090737000000512
0.0006715440499998948
0.000684683450000012
0.0006343465000000048
0.0006622166000000984
0.0006262807499999746
0.0006775016999999827
0.0006490600499999832
0.0006350606999999897
0.0006784361499998504
0.0006441276999999523
0.0006661887999999561
0.0006996826500000441
0.0006459914499998831
0.0006727269999999841
0.0006749075500001478
0.0006761586500001471
0.0006217361000001364
0.0006547517000000447
0.0006589418499999943
0.0006326999499999264
0.0006760157999999184
0.0006478240500000342
0.000675993250000051
0.0006410643500001534
0.0006827429500000815
0.0006841649500000102
0.0006685163999999855
0.0007052121999999272
0.0006458336499999273
0.0006638210000000199
0.0006576866500001
0.0006601219000000657
0.0007082799500000014
0.0006763559499999517
0.0007002837500000414
0.0006654773499999323
0.0007269562500000326
0.0006739324999999851
0.0006661905499999232
0.0007445386999999304
0.0006943604999999575
0.0007170327499999019
0.0006743312500000265
0.0007013821999998004
0.0007316613999998278
0.0007010454999999638
0.0007081527499999574
0.0006836851500001462
0.0006912802499998705
0.0006870020999998339
0.0006889492000000441
0.0007429722500000401
0.0006836117000001973
0.0006660864499998809
0.0007214970999999349
0.0007317366999999742
0.0007529640000000448
0.000701491650000019
0.0006777695499999847
0.000700385599999942
0.0007311474999999845
0.0007781919500000178
0.0007392550000000942
0.0007201390499999239
0.0007570782500000206
0.000718917149999987
0.0007584248999998877
0.0007304738499998908
0.0007199493999999529
0.0007263709000000062
0.0006985237000000311
0.0007073107500000564
0.0007099147999999999
0.0007339359000000823
0.0007304332999999108
0.0007357817000000378
0.0007191642000000886
0.0006940179499999921
0.0007556883499999945
0.0006994584500001011
0.000748821849999981
0.0007336463999998433
0.0007497415000001339
0.0007363064000001085
0.0007060838000000569
0.0007757793999999763
0.0007189266500000624
0.0007369058999999289
0.0007218976000000321
0.0007735333999999039
0.0006924793500000526
0.0007703856000001785
0.0006990929499999688
0.0007571267999998632
0.0007345386999999092
0.0007496605499999198
0.0007410051499999515
0.0007610424999999754
0.000749827649999979
0.0007547725000000227
0.0007562094000001185
0.0007245189499999416
0.0007306169999999224
0.0007654814000000787
0.0007339129999999639
0.0007944168499999904
0.0007890883999999599
0.000745139199999878
0.0007744309499999158
0.000817244649999882
0.0007904469999999719
0.0007921590500000519
0.000786975249999955
0.0007380447500001441
0.00076479650000012
0.0007756030499997735
0.000761989850000111
0.0007674971000002362
0.0007966622500000132
0.0007953624999999853
0.0007532123499999876
0.0007840934500001229
0.000772067400000065
0.0007721545499999483
0.0008087615999999631
0.0008168162000000478
0.0008185059999999301
0.0007687192999999759
0.0007849573000000109
0.0008719040999999983
0.0008125996999999163
0.0007944652999999135
0.0007821659999999841
0.0007923916000001086
0.0008202740000001097
0.0007732038999999968
0.0008072992000001111
0.0008046354000001088
0.000767211500000009
0.0007894498499999792
0.000810843550000051
0.0007583345500000504
0.000830995099999976
0.0008021674499999687
0.0007988285500000192
0.0008218459000000511
0.0007852340999999985
0.000804287599999931
0.0008097614500000461
0.0008059316000000649
0.0007941632499999685
0.000789136800000012
0.0008027216999999531
0.0007642782000000014
0.0008161873500001082
0.0007901689499999254
0.000816188800000095
0.0007896492000000422
0.0008411640999998582
0.0007928797499999974
0.0008500572499999138
0.0007861606499998785
0.0008523772500000249
0.0008094913499998579
0.0007964289999999429
0.0008251655499998733
0.0008119813500000017
0.000829986250000081
0.0008317107500002141
0.0008411589499999206
0.0008434428000001048
0.0008213525500000429
0.0008596898000000852
0.0008145030499999706
0.0008311332500000379
0.0008997610999999406
0.0008935389499999502
0.0007880773000000119
0.0008170339000001192
0.000832992850000025
0.0007887443499998259
0.0008595647000001261
0.0008548723999999286
0.0008323516500000405
0.0008321184499998413
0.0008896483499999164
0.0008294159000000967
0.0008937133000001651
0.0008665677499999358
0.0009564702500000077
0.0008603325500001535
0.0008344748499999888
0.0008806137000000547
0.0008170131000000858
0.000837231850000153
0.0008399626500000146
0.0008199434500002045
0.0009069459500000932
0.000828956350000043
0.0008537068499999912
0.000829021049999934
0.0008666883999999709
0.0008331988000001012
0.0009084095000000403
0.0008948018000000335
0.0008224680999998846
0.0008686676499998214
0.0008501474499999162
0.0009367267999999207
0.0008290671000001027
0.0008340643500000855
0.0009282068999998394
0.0008559979500001091
0.0008946448500002369
0.0008664770499999363
0.000908867049999973
0.0008933456999999478
0.0009122526999998826
0.0008622775500001012
0.0008789664000000919
0.0008411786499999963
0.0008784752999997814
0.0008506240499997376
0.0008815228499998717
0.0009054333999999997
0.0009873297000002168
0.0009044461999998532
0.0009001306000000042
0.0009082962999999999
0.0009540035500001486
0.0008766611500000465
0.0009049839499997603
0.0008828003499997017
0.0009342860000001174
0.0008810929500000953
0.0008915978999998409
0.0008502260500002024
0.0009032606000002552
0.0009093507000001999
0.0009439955000001277
0.0009339791999997793
0.0009723865499999818
0.0009389257000001372
0.000994156849999861
0.0009805575000002343
0.0009871881999999666
0.0009513279000000985
0.0009334856999998031
0.0009231375500000638
0.0009204959000000734
0.0009057213999998481
0.0009356678000001395
0.0009087063999998257
0.0008876422999999356
0.0009151305999999693
0.0009210085499999465
0.0009018075000001957
0.0009394166999997289
0.0009627823000002422
0.000927379749999968
0.0009449010499999133
0.0009099188000000425
0.0009636423500001712
0.0009812587999999066
0.0009486588499999727
0.0009610828999996989
0.0009462265500003397
0.00094520115000023
0.0009329875000002374
0.0009547171000000354
0.0009380965000000963
0.0009369309500001144
0.0009193297499999531
0.0008978597000002253
0.0009799777500002272
0.000961156350000092
0.0009428500500000325
0.0009824891000000057
0.0009571473999999469
0.001004087450000135
0.0009329306999998899
0.0009622725000002497
0.0009218201499996859
0.0009978957499996888
0.000949698999999704
0.0008958799500001114
0.0010173137000001552
0.0009541218499998117
0.0009666811499998929
0.0010168106000000953
0.0009611372000001061
0.0009601448500000664
0.0009686863500000698
0.0009906963999999796
0.0009816109999999157
0.0009552566500001802
0.0009608317500001462
0.0010068867999999398
0.0009578486499999706
0.0009850773499999299
0.0009788869999997729
0.000943663350000179
0.0009469057000000447
0.0009469497500000478
