9.837999999984247e-07
9.231999999997909e-07
1.3350000000023066e-06
2.2151999999997505e-06
2.586399999995881e-06
3.3767999999989586e-06
4.358600000001211e-06
4.9151999999996756e-06
5.921999999997097e-06
7.49980000000483e-06
8.141199999997517e-06
9.628199999997534e-06
1.0935999999997503e-05
1.2640000000002649e-05
1.4400600000002984e-05
1.598299999999997e-05
1.7486400000002456e-05
1.9750399999995948e-05
2.145060000000032e-05
2.3867200000002308e-05
2.6369599999997993e-05
2.773140000000285e-05
3.021419999999775e-05
3.4119799999998704e-05
3.8779600000002355e-05
4.442340000000156e-05
4.405680000000023e-05
4.383699999999657e-05
4.8573600000001435e-05
5.744260000000168e-05
5.342699999999756e-05
5.7171199999997424e-05
6.0640400000003256e-05
6.309439999999943e-05
7.254579999999843e-05
7.193180000000243e-05
7.345739999999878e-05
7.935779999999892e-05
8.395539999999923e-05
0.00010699080000000083
9.275820000000101e-05
9.951880000000079e-05
0.00010467420000000172
0.00010367800000000426
0.0001228973999999966
0.0001211570000000023
0.00011586180000000279
0.00012465580000000086
0.00013519199999999787
0.00013130160000000002
0.00013365019999999895
0.00015139059999999814
0.00015139580000000097
0.0001546771999999974
0.00017042399999999403
0.00017921079999999866
0.00018148780000000199
0.00020613800000000016
0.00019421399999999535
0.00018008119999999572
0.00018541519999999977
0.00019178920000000044
0.00020140360000000246
0.00021123759999999714
0.00021651700000000217
0.00022151940000000314
0.00023360579999999465
0.00023393460000000477
0.0002435927999999976
0.00024348800000000004
0.0002539912000000005
0.0002631767999999951
0.0002845806000000034
0.0002782226000000054
0.0003000673999999953
0.00029167240000000093
0.0002950528000000008
0.0003077674000000058
0.00031563200000000736
0.00033503739999999336
0.00035920519999999565
0.0003722975999999989
0.00038910020000000324
0.00037406680000000027
0.00037887979999999267
0.0003938962000000046
0.0004033520000000068
0.0004019779999999973
0.00040422519999999684
0.0004460423999999907
0.00047716699999999503
0.0004404260000000049
0.00045259559999999974
0.0004436205999999998
0.0004909250000000032
0.0004734000000000016
0.00046927620000000725
0.0004742651999999958
0.0004924612000000051
0.0004808165999999947
0.0005006937999999905
0.0004897923999999998
0.0004981050000000042
0.0005013011999999983
0.0005065352000000023
0.0005160244000000036
0.0005208382000000012
0.0005187433999999991
0.0005286604000000028
0.0005511242000000027
0.0005697637999999949
0.000579782599999995
0.0006548935999999949
0.000687503000000006
0.001111631599999996
0.0007671908000000005
0.0007020024000000125
0.0008488154000000081
0.000806501000000004
0.0007484113999999987
0.0008205537999999956
0.0008195167999999975
0.0008112224000000112
0.0007538904000000235
0.0007856662000000014
0.0008024220000000138
0.000801585600000021
0.0008109225999999969
0.0007884716000000069
0.000800567799999996
0.0008203254000000104
0.0008369608000000084
0.0009010336000000119
0.0010224119999999947
0.000930301999999994
0.0010802321999999974
0.0011821603999999986
0.001000875999999995
0.0010588759999999864
0.001098114600000011
0.0012581353999999933
0.001252171000000002
0.001166336400000012
0.0011787380000000014
0.0010519844000000055
0.001097210000000004
0.0012245208000000063
0.0011651187999999978
0.001274151999999995
0.0013058045999999935
0.0013209092000000088
0.0012604224000000053
0.0012156301999999952
0.0012167912000000003
0.0012139593999999977
0.0012317756000000068
0.0012580641999999976
0.0013378041999999924
0.0012976927999999942
0.0012985075999999984
0.0014393906000000124
0.0014141946000000073
0.001401777000000015
0.0014247671999999879
0.0013721166000000063
0.00145581560000001
0.0014617749999999764
0.0013831144000000073
0.0013834789999999987
0.0014758367999999633
0.002029938600000025
0.0019557025999999977
0.0019072776000000013
0.0016407616000000402
0.0016157336000000022
0.0015414525999999818
0.0016301128000000054
0.00167615539999999
0.0015735956000000328
0.0015206395999999955
0.0015638108000000095
0.0017286325999999797
0.001967482999999981
0.001784882600000004
0.0017247720000000077
0.0017485297999999983
0.001770058200000002
0.001625801200000021
0.0017375586
0.001762246799999989
0.002136904400000006
0.0019981232000000127
0.002158838800000007
0.0020985850000000195
0.0019718901999999927
0.0019065162000000192
0.001898366600000001
0.001939663200000008
0.002157434799999991
0.0021967877999999885
0.002122163399999999
0.00206938539999999
0.002079336800000009
0.0020491990000000015
0.002072115600000024
0.0025696314000000164
0.002781616999999992
0.0023651489999999774
0.0021992870000000055
0.0028614405999999983
0.002326386799999991
0.002211702800000004
0.0025364319999999995
0.002675090400000002
0.00252229900000005
0.0023794500000000164
0.002351301800000005
0.002390975000000006
0.0027349502000000745
0.0027527543999999347
0.0025934530000000233
0.002534824399999991
0.00254212620000005
0.0024999601999999843
0.0024773580000000185
0.0026968061999999905
0.0027514157999999787
0.002631584799999942
0.00256951700000001
0.002555657999999994
0.002718081399999983
0.0030827172000000404
0.0029929879999999187
0.0029381224000000206
0.002820124799999979
0.002795423799999952
0.0033438032000000285
0.00347711799999999
0.0033758976000000107
0.0030718680000000552
0.0030958380000000395
0.003021708399999978
0.0032852067999999957
0.003320814200000033
0.003545965200000012
0.0031144971999999883
0.003046530799999969
0.0031334568000000117
0.003616789400000009
0.0034128958000000154
0.0031450235999999966
0.003150552399999995
0.003152982600000032
0.003322324599999993
0.0036742761999999816
0.003264043399999972
0.0033430405999999467
0.0030686360000000247
0.00355453240000001
0.003541106199999966
0.0034971561999999957
0.0032885575999999973
0.003217908199999986
0.0033215924000000287
0.00392239459999999
0.0037792738000000715
0.003480873200000012
0.003350919600000024
0.0034083321999999862
0.004056407000000118
0.0038209753999999484
0.003603454599999978
0.0034720904000000276
0.004015973600000011
0.004069723399999914
0.003856846000000047
0.003627255999999912
0.0035736620000000664
0.004270407399999954
0.004014798000000042
0.003924616800000091
0.003701646400000058
0.004217651399999944
0.004313531200000132
0.0039628085999998675
0.0038263751999998872
0.003920266799999972
0.004782575000000122
0.004337685800000113
0.0038961067999998987
0.003933852800000181
0.004524334599999858
0.004469706000000073
0.004460534400000072
0.004172425800000124
0.004645692199999996
0.00488029559999994
0.004387313000000148
0.0045148178000000705
0.005218622800000095
0.004996748599999901
0.004647760399999967
0.004751256000000037
0.005717940200000005
0.005010811399999859
0.004862695000000005
0.005527621199999988
0.0052101927999999905
0.005146081400000035
0.004966187399999988
0.005492487800000135
0.005022819200000051
0.0049417749999999035
0.005170976199999888
0.005272213199999954
0.005150572599999936
0.005084301800000102
0.005902083799999858
0.005532882999999966
0.00526882879999997
0.005199912599999923
0.0057579269999999735
0.005376911800000083
0.005110195199999978
0.0059458232000000775
0.005398377000000032
0.0050341766000000735
0.005514095399999963
0.0057951445999999684
0.0053049413999999295
0.005871048399999967
0.006026019999999921
0.005737260599999949
0.005776110600000095
0.005951246200000071
0.005560325000000077
0.005593496000000098
0.00720369699999992
0.006044931399999953
0.005685575200000059
0.006370827400000056
0.005695994599999921
0.00550716619999978
0.006553479199999846
0.005707344400000025
0.009230400199999966
0.007551646599999895
0.006217831600000068
0.006560589799999938
0.006502918000000068
0.006209520999999984
0.007117341599999794
0.006261778600000234
0.006619112600000143
0.006992741199999664
0.006307052800000079
0.006798009199999733
0.00656817839999988
0.007325311799999845
0.006316120600000019
0.006839310199999993
0.006768368800000068
0.006880585799999927
0.0071529112000000335
0.00682381819999982
0.007248833199999893
0.006845024400000099
0.007558071000000233
0.0066683596000000735
0.007761399999999874
0.006896570400000001
0.006978504999999658
0.007260636199999837
0.0067604312000002055
0.007445884999999741
0.007080278799999995
0.007959089200000057
0.006754364599999896
0.007791714000000028
0.006838144400000345
0.008292259800000146
0.0068911184000000954
0.008160565599999892
0.0073531098000000124
0.008189326999999835
0.007262715599999936
0.008153027200000018
0.007522220999999973
0.008216898800000117
0.007448547399999938
0.00852403439999989
0.007924723400000212
0.008726229999999724
0.007556499599999889
0.008633424599999984
0.007649656399999927
0.008648464400000045
0.007737811599999844
0.00893102300000006
0.008227058199999781
0.00870280720000043
0.008040644000000086
0.008901645599999952
0.008813768399999766
0.00809859399999997
0.008947228599999768
0.008143729600000071
0.00931140660000036
0.008468852200000043
0.008888851400000064
0.009135035399999936
0.00860974600000013
0.009508557799999729
0.008469187400000244
0.009345929799999908
0.009127200599999875
0.009104126199999918
0.009759896599999785
0.008693473399999974
0.009638756999999743
0.009300198200000054
0.010282617400000226
0.010073736599999706
0.009513029799999906
0.009900195400000023
0.009631079200000059
0.009289931599999867
0.009711867799999751
0.009914534199999991
0.009892484000000045
0.010226050999999714
0.009398015999999742
0.010054108599999978
0.010214261400000169
0.010189815199999864
0.010371849999999938
0.010452849999999713
0.009605013400000039
0.010282321800000282
0.010904137999999897
0.010321571199999723
0.011019195799999793
0.010748598600000037
0.010370404000000022
0.010579167799999744
0.011004577199999588
0.010139143800000028
0.010824874400000439
0.011008987999999675
0.01033204380000008
0.011006780600000354
0.011091277000000233
0.011242475999999968
0.010443674599999753
0.01181890720000034
0.011180638200000103
0.01045737580000008
0.011194828999999374
0.011724580000000272
0.011573649999999703
0.010833582999999791
0.012163511199999633
0.012430262200000186
0.011482908800000047
0.011099219000000105
0.012720846199999868
0.0124881773999995
0.01224287799999999
0.010778659200000007
0.012366845999999754
0.011979386599999841
0.012248226199999834
0.01195568759999972
0.011767099599999397
0.012540864199999646
0.012152640999999775
0.01254148260000001
0.012595937400000068
0.012292536600000048
0.012389031000000373
0.013155563400000148
0.013238317600000115
0.012695325000000679
0.012731802200000076
0.012850135200000067
0.013048867999999913
0.013093448000000053
0.01287734460000003
0.012403273000000326
0.012078930600000249
0.01322732519999974
0.013710988199999719
0.012949654999999893
0.013157391200000035
0.013018991399999891
0.01296037080000012
0.01305769440000013
0.013556407400000126
0.012671794199999909
0.012730922600000128
0.013094502200000236
0.012299393199999998
0.01419578020000003
0.013001293599999996
0.012215482200000238
0.012641645199999375
0.013300951400000472
0.01241218560000057
0.013560305000000028
0.01289478520000067
0.012385392399999163
0.012961955199999764
0.011225687199999612
0.012751366999999902
0.013184731599999822
0.013090858199999644
0.01239867760000024
0.013078760399999823
0.013414879599999808
0.013667371600000066
0.012370504400000116
0.01354295979999982
0.013135278600000078
0.013620554800000306
0.013718371399999185
0.014437886400000011
0.013592820399999895
0.01233866979999938
0.013553546199999645
0.0142984392000006
0.01554751639999985
0.0151864726000003
0.015566694800000391
0.01467715300000023
0.01279030020000036
0.014411825599999872
0.014361154399999876
0.014964552800000419
0.01462383900000006
0.014473775600000138
0.014544523599999692
0.013374931200000263
0.014591285999999926
0.014755441799999857
0.014094031600000178
0.014580265399999704
0.014280368800000432
0.014892586600000613
0.014819875399999915
0.016122386999999704
0.01689363799999981
0.015204953600000338
0.01684663139999998
0.016453029999999202
0.014772209200000575
0.015670524399999764
0.01592812899999956
0.014902444999999886
0.015257523599999346
0.015371556799999908
0.014457518199999696
0.015082078999999738
0.015967037799999417
0.01618364399999983
0.016762465400000082
0.018120016800001082
0.01704339080000068
0.01586607739999977
0.01778863460000011
0.01707388040000026
0.016238090599999568
0.016259077400000876
0.01559535059999959
0.015776465000001138
0.017373030599999596
0.017408449799999205
0.01654688459999818
0.015714380599999345
0.016785628000001652
0.017810674599999743
0.017732862199999033
0.018713996399999645
0.017742792400000696
0.017015801400000186
0.015608010600000454
0.01755620779999987
0.016874512200000424
0.017074504200000007
0.017276996200000384
0.017195240999999584
0.016071604200000422
0.01785918539999969
0.017804024200000157
0.01715260280000095
0.018564631599999614
0.016945478200001675
0.017877017400000028
0.018743919199999938
0.018280723200000182
0.018734309599999933
0.017629339399999822
0.01635122879999997
0.01835453679999972
0.01890240699999879
0.018089430400000595
0.017926132800000973
0.01766292859999936
0.018569775800001055
0.01931920719999951
0.018431280400000815
0.019230774000001106
0.018379886200000327
0.018517678000001325
0.019822705800000763
0.020014828399998665
0.019121699400000126
0.018790574400000537
0.01767372300000005
0.020710512800000202
0.020873185999999322
0.01967365399999963
0.019236193400001156
0.017810994800001367
0.019164787600001176
0.019882823799999727
0.01960318699999917
0.019845157400000348
0.018385050599999887
0.01973768520000192
0.020264380400000448
0.020280396399999033
0.021261398000000754
0.017740050799999806
0.019794297399998585
0.02027410659999873
0.020042208799998917
0.020167449599999544
0.01826926019999888
0.02034255459999983
0.021055044200000594
0.022077651799999386
0.022425032400000332
0.020743757000000328
0.02209612100000058
0.021871454800000835
0.02122311400000072
0.01919796100000042
0.021304210599999606
0.021322850399999992
0.02266629739999928
0.022727030400000812
0.02119651100000084
0.02164954320000021
0.02201976340000016
0.021700502799999556
0.020253001800000447
0.021085699000000346
0.02100085619999916
0.023499779000001553
0.024085650600000008
0.021672356799999192
0.02265280939999954
0.02219135419999958
0.02312633020000021
0.02141972679999995
0.022078904199999982
0.022690848399999197
0.023893298799999484
0.024117756999999785
0.021797345000000235
0.022531430600000135
0.02141074280000126
0.02264569459999919
0.022321135400000004
0.02367730379999955
0.022873576799999285
0.024703895400000418
0.02402253259999938
0.022814633200000146
0.024032110400000306
0.023042674599999202
0.023153067800000572
0.022059113800000318
0.02496254779999916
0.024325978599999586
0.0261940163999995
0.023345963800000646
0.024392217400000506
0.023591384999998865
0.024130472600000275
0.021912158599998576
0.02436940559999883
0.024219018199999453
0.026293812600000875
0.0253798132
0.025374861200000966
0.02416798759999921
0.025453947599999794
0.022535572800000382
0.024637844800000152
0.025151665600000685
0.02753700939999959
0.02561186240000026
0.026749950600000006
0.025572070400000514
0.030342190200000375
0.027542289000000865
0.027151898799999685
0.028624902600000012
0.025181000800001387
0.026918198399999937
0.027307811599999354
0.026074004800000238
0.023924742799999878
0.02584556219999925
0.027543581199999778
0.02810131100000035
0.02474556799999874
0.027728292999999838
0.02714326140000054
0.02584267540000127
0.026649661200002582
0.02635381240000072
0.028845125600000188
0.02685307539999826
0.026954660999999193
0.026015713600001787
0.028539461400001187
0.030041639399999553
0.030290313599998342
0.029767162999999642
0.02652518839999942
0.02808417939999828
0.025966150799999355
0.02700665259999937
0.02520322840000233
0.028791138200000434
0.028505908200000363
0.029053002799999207
0.027806853800002786
0.02842218360000004
0.029491390799999805
0.02645714119999809
0.028367044399999486
0.02899729300000047
0.027037581799997667
0.027656248000000973
0.029311444000002497
0.02826405520000037
0.026121840000000417
0.029275244799998747
0.03085122099999893
0.03102659820000042
0.02947774220000099
0.03015141659999898
0.028791961800000366
0.0326300711999977
0.032533674800001224
0.030910163000000067
0.027868976999998553
0.03311798700000139
0.02974072159999963
0.028521356400000288
0.02986757859999898
0.031140049000001113
0.028587005199999283
0.03105312280000163
0.031449292799999286
0.030885426400000426
0.03133448259999909
0.030709762400000784
0.03146026980000016
0.029080508599999177
0.030821314000000655
0.030229591400001254
0.0295430376000013
0.032938962199997944
0.03206615040000145
0.03272835519999688
0.032301082000000744
0.03113343320000155
0.029810359599999003
0.03291944180000002
0.032497930400001
0.03367071759999618
0.03141215399999879
0.03126542660000098
0.031812699399999644
0.03183977420000019
0.03240451779999916
0.03488275379999948
0.032027237199999094
0.03291842819999857
0.03156283619999982
0.03531338459999915
0.03429985499999759
0.03693464680000176
0.03731419960000011
0.03286872999999986
0.03155393659999959
0.034442931000000954
0.03473213620000024
0.035175483199998324
0.03433956700000351
0.033565563799997734
0.03195323620000039
0.03423806520000028
0.034781749999997655
0.03213056500000135
0.035087690000000296
0.03536785580000128
0.0327949048000022
0.03438179100000127
0.036860379200001604
0.03878069900000014
0.035739606399998534
0.03417996099999954
0.034471056199998885
0.03484423099999958
0.03666808880000048
0.03749599899999936
0.03433488360000041
0.03566115959999934
0.042141717399999834
0.038746514199998215
0.03838963159999764
0.038497673999999905
0.037376034799997626
0.03635768159999912
0.03877997559999926
0.03944872720000205
0.03735788699999887
0.03864118680000104
0.03787543460000222
0.03878061119999785
0.03986703840000132
0.03826690819999925
0.03609376599999905
0.03650077460000034
0.03795829360000056
0.03845546380000116
0.03752622479999843
0.03629499920000114
0.03573178219999988
0.0387169524000015
0.040329299199999016
0.037711625199999335
0.03766449819999877
0.03496520599999968
0.03878495380000117
0.04039098580000058
0.03501471079999874
0.038239132999999016
0.03671654139999845
0.039123199399996623
0.04031877519999938
0.04021408280000145
0.03952065039999866
0.03820323359999804
0.03706656399999986
0.040058641200002396
0.039602838800000484
0.03876300759999936
0.03941311999999897
0.037481302400001935
0.041251330799998695
0.040565714999999614
0.04099312079999891
0.04086841600000213
0.039498788800001704
0.04232509660000119
0.03915787319999993
0.041545692999999065
0.041937380600001004
0.04398920299999816
0.04493558039999925
0.041582058000000185
0.04666945919999961
0.04824610000000007
0.04628135019999746
0.04533324660000204
0.04700393480000002
0.046177286199998946
0.04564733680000046
0.04650771539999994
0.04721740960000176
0.04324039020000185
0.0425353561999998
0.043587876799999495
0.041400808400000245
0.045103993000000744
0.04328756319999769
0.04297585800000121
0.04525575680000031
0.04310771060000036
0.043633477800000264
0.04258096300000034
0.04341563140000204
0.04404760479999652
0.04255827280000233
0.04112007559999711
0.04360272980000559
0.04589506239999537
0.04420817799999952
0.04259095820000027
0.0422925776000028
0.043920285600003696
0.045700068399995075
0.0463278320000029
0.04417889619999471
0.044006504000000744
0.044513093999998435
0.04428103319999934
0.043540672799997536
0.0436403710000036
0.047693974000003435
0.04535759159999771
0.04745039259999828
0.04352375179999797
0.04704579060000356
0.04721635079999942
0.046407360799997834
0.04688564059999578
0.04753492760000313
0.04971968419999655
0.04685146920000136
0.04578552200000274
0.04626551319999521
0.04640971519999937
0.04471652260000099
0.04611255519999702
0.04561083179999912
0.04680004400000257
0.05316041199999688
0.0501343707999979
0.04614218579999942
0.04858178259999875
0.0491852353999974
0.046116284200002154
0.04524811940000291
0.04725252599999408
0.049788950399999976
0.0498860652000019
0.04556327500000066
0.04838852460000283
0.055660906600002134
0.05008065979999401
0.04919762360000277
0.050833351999997944
0.04916815420000091
0.04971415580000382
0.04686514299999942
0.05125670319999642
0.05113538739999797
0.04860392340000601
0.04779071039999394
0.05000588620000031
0.05282427719999703
0.048691535200001114
0.047387839999996115
0.04934044780000306
0.05133814179999376
0.050003851799999666
0.04776961260000405
0.04795361559999663
0.05213762360000089
0.05063978499999564
0.049082417200006036
0.05293725180000024
0.0541876788000053
0.05275885300000027
0.05675563940000359
0.05775427999999465
0.05496660319999762
0.05148878920000186
0.05115545839999811
0.05317186859999765
0.05013351820000196
0.051079644400002164
0.05211729799999887
0.05424294280000197
0.05134571680000022
0.05049599379999847
0.05213990460000275
0.049921431599995
0.05547270100000219
0.050839321600000174
0.053838764800002534
0.05311866199999997
0.05283452820000321
0.05106710059999955
0.05332114820000129
0.05050653920000059
0.053268007600001964
0.050908476999998696
0.05557769899999698
0.05323243859999991
0.05233458539999845
0.053280754000002165
0.05610297560000106
