5.720666666653162e-07
8.515999999958446e-07
1.3668666666651527e-06
1.8133333333345917e-06
2.42253333333405e-06
3.268066666666421e-06
4.099466666667347e-06
4.991999999999034e-06
6.050599999999721e-06
7.3884666666662605e-06
8.571666666667976e-06
9.724533333335673e-06
1.1376133333332316e-05
1.2828933333336456e-05
1.491713333333459e-05
1.814813333332795e-05
1.851926666666485e-05
2.0381000000000796e-05
2.3272999999998657e-05
2.568246666666829e-05
2.9204733333331363e-05
3.0372600000003193e-05
3.326853333333231e-05
3.968246666666656e-05
3.8942599999997976e-05
4.180133333333373e-05
4.341006666666684e-05
4.620866666666575e-05
4.929453333333463e-05
5.193053333333308e-05
5.7551733333334004e-05
6.19474666666675e-05
6.933820000000017e-05
6.971873333333211e-05
8.818686666666649e-05
8.437973333333126e-05
0.00011415053333333295
0.00012739866666666618
0.00010260739999999972
9.774279999999931e-05
0.0001265443999999986
9.575353333333518e-05
0.00010866959999999889
0.00010963446666666931
0.00011509439999999686
0.00011682713333333317
0.00012087879999999976
0.00012366900000000032
0.00013144200000000106
0.0001326246000000003
0.00014161833333333393
0.00015743126666666792
0.00016128620000000483
0.00016857573333332968
0.0001743193999999985
0.00018290326666665636
0.0002086217999999973
0.00019441139999999967
0.00019319806666666476
0.00019076446666666525
0.0002039276666666608
0.00020459059999999678
0.00021836173333332395
0.00021561819999999326
0.00022691293333333047
0.00022924906666666652
0.00024255026666666346
0.0002510461999999991
0.00024975539999999206
0.0002625729999999937
0.0002765923999999957
0.0003021870000000038
0.0002964122000000032
0.00035296020000000206
0.00032395286666667134
0.00032378353333333275
0.0003332565333333352
0.0003361973999999953
0.00034391793333333196
0.00033503086666666535
0.0003357035333333332
0.00036176473333333626
0.0003668427999999927
0.00043159513333332713
0.0004591559999999976
0.0004116426666666636
0.00042962466666666516
0.0004340465333333284
0.0004354640666666687
0.00045096433333332946
0.00044347073333332875
0.00044633253333333417
0.00046011913333333655
0.0004678815333333364
0.0005074624666666601
0.0006084520666666611
0.000620345199999998
0.0005343055999999994
0.0005548721333333284
0.0005375695333333338
0.0005607643999999949
0.0005568024000000078
0.0005654045333333358
0.0005647401333333338
0.0006831793333333354
0.0006665707333333345
0.0006576557333333251
0.0006365156000000057
0.0006664417999999913
0.0006428446666666717
0.000621740066666665
0.0006163293999999968
0.0006687816000000013
0.0007393575999999976
0.0007726806666666623
0.0007884910000000096
0.0007807326000000077
0.0007401028666666809
0.0007702097999999991
0.0007384877333333521
0.0007513810666666713
0.0008189398666666644
0.0009516261333333349
0.00081981713333333
0.000862242533333335
0.0008364030666666651
0.0009014879333333188
0.0009582045333333215
0.0009190779333333306
0.000916040933333336
0.0009042920666666603
0.0009470469333333471
0.001025448266666662
0.0010429747333333091
0.0009765959333333314
0.0009790614000000143
0.0010623078666666785
0.001091120133333338
0.0010354631333333365
0.0010001512666666526
0.0011058437999999762
0.001155920800000006
0.0011229859999999962
0.0011034526000000063
0.0011124229333333347
0.001220096200000002
0.0012794007333333393
0.0011710345333333446
0.001150914733333345
0.0012273066666666683
0.0013347725333333097
0.0011830345333333566
0.0011145616000000007
0.0012749922000000098
0.0015729272000000035
0.0012916858000000234
0.001298642466666659
0.0015434229999999735
0.001477529733333327
0.0013688630000000016
0.0013523738666666673
0.0015718335999999353
0.0014446217333333067
0.002058597199999997
0.002055445933333348
0.0015001047333333222
0.001478673999999991
0.0017024761333333564
0.0015788447333333177
0.0015182537999999912
0.0016876403999999715
0.0016047306666666947
0.0015504791333333342
0.0017376732000000375
0.0016541439333333408
0.0016271016666666712
0.001869474133333293
0.0016575033333333284
0.0017225661333333106
0.0018943591333332973
0.0017007506666666839
0.0017505500666666082
0.002007539066666671
0.0018078180666666406
0.0019026208666666526
0.0019246704000000095
0.00184069499999997
0.0020362459333333432
0.0019503778666666526
0.001990271000000051
0.0020429878666665974
0.0019391301333332815
0.002160218800000102
0.0019980950000000183
0.002158940999999951
0.0021018204000000356
0.002088567866666609
0.0021708373333332825
0.0021020813999999594
0.0022354667333333465
0.002130471666666652
0.002458596133333302
0.002250224600000017
0.002388154466666729
0.0022417920666666963
0.00231846159999994
0.002288887000000006
0.00230872006666667
0.002438111999999985
0.002242843666666694
0.0024450168666666863
0.0022478699999999444
0.0025425953999999844
0.0023899623333333508
0.0025745263999999916
0.002414819666666575
0.002574477799999908
0.002393033000000037
0.002731845666666703
0.002524026800000042
0.0027621998666666593
0.0025557800666666944
0.002702040799999998
0.002755574400000012
0.0028284865333332593
0.0027582505999999896
0.0027306577333332527
0.0029036855999999686
0.0027619060666666567
0.0029548271999999837
0.00278029413333325
0.0030130263333334167
0.0030420393333333647
0.0028630963333333703
0.0030647630666665354
0.0029866160666666215
0.0029390840000000176
0.003157868599999958
0.0029546017333333136
0.0031484771999999773
0.0031359584666666627
0.0030121595333333436
0.0032772927333335035
0.0032272087999999735
0.0031929205333333615
0.003391491266666691
0.0033392218000000656
0.003304199266666489
0.003299335399999966
0.0033260168666667295
0.0035144078666666206
0.00339287153333346
0.003295685933333381
0.0035603597333334256
0.003570945266666629
0.0035040607333333656
0.003475876199999976
0.0036244960666664975
0.0037022029333333723
0.0035320761333334024
0.0037588842666666624
0.0037232140666665953
0.003745779733333343
0.0037294700666665884
0.003953474133333342
0.003959305599999989
0.003986243533333322
0.0038365561333334832
0.003913429266666668
0.004119362533333337
0.003961316933333355
0.004130553800000018
0.004043839933333319
0.003900745666666635
0.00414581846666658
0.004248190400000062
0.00449676013333331
0.004160738800000037
0.004189885933333315
0.00422916579999999
0.004322411400000092
0.004381492866666647
0.004271142866666662
0.004446111999999935
0.0043041411333332984
0.004479500733333452
0.004408946733333311
0.004622255066666625
0.00456797186666685
0.00460701393333327
0.004645870399999966
0.004699129733333507
0.004673951866666689
0.004707832733333343
0.00483312866666683
0.00483495680000002
0.004901872066666672
0.004845578066666848
0.004902067000000028
0.004980162133333307
0.005042156399999994
0.00501210426666668
0.005028003333333508
0.005109109666666593
0.005076080266666712
0.005161940333333348
0.0051843494666667786
0.005148890733333289
0.005277820533333018
0.005103521866666109
0.005319868333333015
0.005380301333333648
0.005334856199999886
0.005298471133333157
0.00544000546666652
0.005406443533333416
0.0054948264666666805
0.005585156133333295
0.00561008333333343
0.005868578133333457
0.005635890333333293
0.005595063533333189
0.005834797399999895
0.005745741333333498
0.005900425800000045
0.005743531866666629
0.005945988066666648
0.005717224799999817
0.006213302800000046
0.006102341200000083
0.0060319395999999395
0.0061476100666666865
0.005862353066666752
0.006094454466666595
0.006171445466666251
0.006381330466666668
0.006078794133333313
0.006167750466666533
0.00636183406666658
0.005453920133333175
0.005599052000000171
0.005810517933333159
0.005002102199999925
0.0051067433333332225
0.005734210733333119
0.0055872816666665175
0.006151399333333174
0.005789301066666752
0.005157994799999936
0.005412179266666565
0.006173664533333205
0.005454514400000102
0.006500414599999852
0.005855350999999942
0.005227310466666661
0.0057100035333333445
0.006725698999999944
0.00640706559999984
0.0063575861333333705
0.00570951159999981
0.005466500133333341
0.006298028666666748
0.00574164979999973
0.006485001866666688
0.005903387266667082
0.005690174600000238
0.0067399344666666154
0.0061502332000001065
0.007017734999999922
0.006792659133333245
0.005941241933333193
0.006939725466666147
0.006956716333333428
0.006370260266666723
0.006865633133333423
0.006013380266666483
0.006974265799999912
0.00653169206666675
0.0075482385333337735
0.006880611066666612
0.006172170200000338
0.007248144066666621
0.006527666933333383
0.006927248933333393
0.007107444933333321
0.006902038866666634
0.007287370800000067
0.00756971306666685
0.008116745666666602
0.006501793599999791
0.006919699599999755
0.007160467533333066
0.0070801334666666564
0.007554103333333018
0.00680940326666691
0.007976549866666953
0.007713720600000329
0.008535850266666737
0.006850683000000165
0.0071618907999997814
0.0075529863999996396
0.007452960066667203
0.007336479800000006
0.006978793733333077
0.008232904466666706
0.008439707466666845
0.008818690400000407
0.008257756333334025
0.008457540733332772
0.008619486733333303
0.008185694599999967
0.007339760733333615
0.008199220999999805
0.00875298319999942
0.008632438400000098
0.007416381000000171
0.008958051399999788
0.008000096599999533
0.008560676133332853
0.007610224066666168
0.008821393866666465
0.009198580733333017
0.008968955133333385
0.008104525866666042
0.008660915199999408
0.008159848599999957
0.009447412666666584
0.009282685666666879
0.009318141533333347
0.009310140800000729
0.009395603733334212
0.010268513466667174
0.00907474826666667
0.008741217533333175
0.008497952733333137
0.009812698999999725
0.010351791733333233
0.008463316466666981
0.00930852759999965
0.008579052133333438
0.00934530446666623
0.008457914000000007
0.009633278066666407
0.010608603133333361
0.009295678466666147
0.009624813066666368
0.009045484066666158
0.00977162439999996
0.009218171399999638
0.010055509266666481
0.010934181666666138
0.009161588133333017
0.010632174799999679
0.009908453866666396
0.009981603333333311
0.009740118333333214
0.010714904533332969
0.010129732133333392
0.009440311333333066
0.010230238866666734
0.010742128400000439
0.009341390999999533
0.010933007999999234
0.011626519133333109
0.009478499333332972
0.010664800733333852
0.009984568866666876
0.010081175133333413
0.010413061333333218
0.01179558899999975
0.011937540800000335
0.011030739266667193
0.01005837759999982
0.010505527000000115
0.010592653799999378
0.011289127733333022
0.011299353733333106
0.010799624599999901
0.010463370399999405
0.01123459820000008
0.010914887733333482
0.011709210866666809
0.011261843333332895
0.011543505466666205
0.012095564999999671
0.011172245533333817
0.011731761999999672
0.013007061866666685
0.010853076333332722
0.011793352133333693
0.011887753733333522
0.012173334466667286
0.012764589199999676
0.012341098800000101
0.011420357533333932
0.011281792666667201
0.011892170733333292
0.011987422866666245
0.013034479533333372
0.011849879400000181
0.01278510026666666
0.01256903920000146
0.013197598066666672
0.013681294599999205
0.012143398266667304
0.012364737999998947
0.012253843999999485
0.011730601333333368
0.013142274133332894
0.013736376466666892
0.01379243573333279
0.012657752266666952
0.013542316533333102
0.013470989533333958
0.0142570872666667
0.013233330333333508
0.012932440466666624
0.012805183733334028
0.014232134333334538
0.014831471266667033
0.013471325600001194
0.013745629600000106
0.012879406466666883
0.015028024533332502
0.01305412073333277
0.015202063400000536
0.014633008266667009
0.013452791133334566
0.014951365933333231
0.013648680666666736
0.013877232333332757
0.013236185266667633
0.014354583866668236
0.015003312533332765
0.014115176333334508
0.014410114733333045
0.013663441000000867
0.015203510600000907
0.01435458826666718
0.014475611066667208
0.014706352933334206
0.015467977866667582
0.016612127666666747
0.017436797800000174
0.013312693866665863
0.014029042266667109
0.013622527466666175
0.013951249733333762
0.01355629893333372
0.014261616599999154
0.014270692199999265
0.014127988533333753
0.013488841800000272
0.013626751599998954
0.014035795733334074
0.014098716733333088
0.014061475533333123
0.015477645999999842
0.015489998866666117
0.017151896266667185
0.01717495693333291
0.015937412800000553
0.017421652799999757
0.015878925600002466
0.01961503833333419
0.016409886133334814
0.01626178226666705
0.018361160133333006
0.01863798280000092
0.016921201133333834
0.016563580066665886
0.017273659066666388
0.020008851666666296
0.016755649866665105
0.015442624199999007
0.017886919333334104
0.016894803266666734
0.01651363826666644
0.015594440866667487
0.016197921066666274
0.016142609733332827
0.017211273666667637
0.016266344399999372
0.016388241133333755
0.016292911133334087
0.016372748066667005
0.017131694133332567
0.01706693373333271
0.01651284919999938
0.018295943200000407
0.018956212600000317
0.017107700866666183
0.01681685940000032
0.016900326533333516
0.017150154333333962
0.017672939200000334
0.017552522266666416
0.017936113266667063
0.01870660833333441
0.017779687133333274
