4.665333333209176e-07
6.211333333302112e-07
1.03833333333266e-06
1.3384666666708492e-06
1.8069333333333345e-06
2.3759333333354484e-06
2.9701999999964814e-06
5.1913999999967745e-06
4.637266666670155e-06
5.383066666671729e-06
9.15286666666922e-06
1.0942933333331814e-05
1.3378733333332023e-05
1.6890933333339277e-05
1.5732000000005334e-05
1.315200000000886e-05
2.007793333333637e-05
2.2305666666666557e-05
2.7697466666672572e-05
1.888153333332217e-05
2.11301333333358e-05
2.3730666666673304e-05
2.5947399999996326e-05
2.9991466666667855e-05
4.2347866666662494e-05
3.687553333332853e-05
5.351246666666457e-05
5.3263666666654906e-05
6.040693333333458e-05
5.519326666665325e-05
5.226766666665735e-05
6.305666666665359e-05
5.0303666666673406e-05
6.505286666665573e-05
7.516140000001226e-05
7.128400000000479e-05
7.106879999999964e-05
0.00013650686666666356
0.00010142153333332349
9.450979999999405e-05
7.568119999999586e-05
8.98587999999941e-05
9.089326666665473e-05
8.98815999999932e-05
9.269593333332734e-05
0.00010376146666667789
9.992059999999933e-05
9.9953600000006e-05
0.00010497866666667744
0.00011096993333333434
0.00011290479999999843
0.00011644006666667502
0.00012367646666668156
0.0001275909333333436
0.00013205240000001192
0.00013622666666666857
0.00014565553333334424
0.00015198466666666762
0.0001616929333333313
0.00018565266666668024
0.00018688593333334355
0.00018655066666666275
0.00023129640000000654
0.0001964850000000018
0.0002272864000000189
0.0002210319333333229
0.00019575019999999257
0.00022396073333332822
0.00021830659999998078
0.00023084853333333507
0.00021594906666666525
0.00022286673333331563
0.00023795446666668624
0.0002379817999999941
0.0002506106666666878
0.00024555693333330926
0.000255140599999996
0.00026452646666667395
0.00028225993333332126
0.00028595986666667773
0.0002835368666666745
0.000294981333333344
0.0003260698666666636
0.0003523036000000257
0.0003331639999999932
0.0003589131999999884
0.0003588372000000062
0.00034039746666667534
0.0003432378666666569
0.00034700273333332365
0.0003533223333333465
0.0003659600666666707
0.0003628412666666581
0.0003799747333333473
0.00039787400000001284
0.0004036436666666902
0.00046607893333334706
0.00044801366666665415
0.0004556196666666734
0.00042929966666665673
0.00046922533333333406
0.00044472653333333946
0.00045060513333334087
0.00046702126666665255
0.0004903502666666763
0.0005173645333333384
0.0005762247333333119
0.0005350826000000142
0.000527977333333333
0.0005340714666666709
0.0005314241999999858
0.0005282654000000164
0.0005507579999999956
0.0005829608666666337
0.0006217773333333287
0.0006135622666666821
0.0005886805999999985
0.0006038709333333392
0.0006103788000000036
0.0005993440000000202
0.0006459786000000042
0.0007010762000000096
0.0007006942666666572
0.0006628083333333497
0.0006644730000000098
0.0006744047333333336
0.0006952509333333505
0.0007501214666666719
0.0007644611999999773
0.000772214666666667
0.0007381482000000143
0.0007452748666666972
0.0007732448666666928
0.0007655981333333598
0.0008386392666666964
0.0009027976666667066
0.0008336035333333195
0.0008061653333333456
0.0008400378000000005
0.000823392933333326
0.0009380025999999948
0.0008969129999999659
0.0009215820000000096
0.0008999811333333607
0.0008824649333333045
0.0009163998000000302
0.0010281403333333235
0.0009780298666666484
0.000968354600000021
0.0009717219333333027
0.0010653871333333657
0.0010766829999999672
0.0010475636666666362
0.001060442866666674
0.0010459408666666874
0.0012253344666666758
0.001145975266666621
0.0011237739333333312
0.0011160842666666948
0.0011657755333333093
0.0011518858666666799
0.001242567466666659
0.0012478265333333441
0.0012250744666666572
0.0011710657333333578
0.0012387766666666522
0.0013199788666666378
0.0012894685333333525
0.0012544962666666789
0.001254403533333326
0.0013367699333333297
0.0013085958000000157
0.00133514899999998
0.001291359000000029
0.001474154066666659
0.0014057148666666297
0.0013714375333333676
0.001528877133333332
0.0014707558666666434
0.001510844600000046
0.0014512147999999818
0.0013851182000000092
0.0015813559333332913
0.0014772660000000363
0.0014586394666667335
0.0015392725999999967
0.0015629240666666414
0.00151502859999999
0.001572240799999965
0.0016675783333332935
0.0015671550666666552
0.0015965066666666712
0.0016985855999999799
0.0016934722666667253
0.001635443666666614
0.0017444990666666271
0.0017079546666666741
0.0016677059999999837
0.0018407144666666337
0.001738925733333326
0.0017153734666667474
0.00186367160000002
0.0017589342000000545
0.001853267133333277
0.0018789486666666614
0.001782292599999972
0.0019274902666666686
0.0019143942666667673
0.0018968197999999603
0.0019358964666666089
0.0019015971999999455
0.002187596666666636
0.001958484799999945
0.0020000539333333124
0.002004996799999977
0.0019709806666666847
0.0021421744666666833
0.0020578667333333318
0.002115399999999982
0.0021277895333334127
0.0021714506666666487
0.0022295538000000133
0.0021453127333332786
0.002310563933333339
0.0022111105333333823
0.002277170666666617
0.0022267327333333436
0.002329665266666729
0.002251668066666686
0.0024122434666666117
0.002369022200000052
0.0023979853999999356
0.002355324733333279
0.0023969366666666343
0.0024809075333333654
0.002405137000000076
0.0025195806000000154
0.0024149394666666585
0.0026141752666667627
0.0025165211333333676
0.0025991937333333342
0.0026103694666666697
0.002575116866666664
0.00285225906666667
0.00270958186666667
0.002739759066666784
0.002793945933333308
0.002839261400000037
0.002690528000000055
0.0029127081333333747
0.0027553734000000793
0.002806163800000109
0.0027885784000001596
0.0028555423333332425
0.0028164512666665567
0.0029723943999999964
0.002909988133333208
0.002975083866666613
0.0030149286666667054
0.002908692799999931
0.003124223266666881
0.0030535853999999435
0.0030579817333332925
0.0031409508666667327
0.003037693199999995
0.003141185533333335
0.0033629544000000067
0.0030293155999999042
0.0033455680666668523
0.0032404250666665155
0.003222859733333294
0.0033514973999999144
0.003263051666666546
0.003296930666666557
0.0033111498666665777
0.0033977315333332926
0.0033887434000001567
0.003434781466666692
0.0034353487999999525
0.003456100533333443
0.0035254031999999804
0.003502429666666688
0.0036797372000001143
0.0035839974666666665
0.0035354442666665877
0.0037475139333332428
0.0037108842000000307
0.0036817381333332714
0.003793374199999929
0.0036821757999999723
0.0037644689333333164
0.0038022575333332754
0.003861583799999953
0.0038286238666666843
0.0038777443333334696
0.00395835326666667
0.003955298466666631
0.003940847600000078
0.0039565489333333185
0.003984633999999924
0.00403344953333337
0.0040278845999999644
0.004140363200000034
0.0044572292666667105
0.004129326000000036
0.004226455466666638
0.0042087298000000805
0.004259023200000082
0.004258746533333261
0.004272810200000047
0.004391995533333315
0.004364889933333416
0.0044806336666666745
0.005669016133333334
0.005988756400000028
0.005929847466666516
0.005915592733333241
0.005944838333333339
0.005655751733333384
0.005886215400000043
0.005798198866666482
0.0062306046666666505
0.006112501733333767
0.005981839933333314
0.00608568726666654
0.00640448659999997
0.0061776072000000685
0.006502999266666502
0.006516039933333436
0.00645013893333323
0.006325466133333535
0.006505556133333338
0.006877221533333374
0.006848432533332982
0.007873882266666616
0.007768812666666847
0.007706535266666729
0.00836411993333345
0.007843398333333458
0.007350050533333412
0.0076156945333330835
0.007003970599999813
0.00724288866666664
0.00715829966666656
0.007135845199999953
0.007169467399999855
0.007185809133333384
0.007598680066666574
0.007524184599999965
0.0071470320666667435
0.0073036868666668175
0.007175572799999704
0.0074137891333334
0.00717700420000007
0.007376663133333613
0.00754491073333341
0.007520617066666565
0.007433488600000141
0.007378926866666428
0.007305415533333341
0.007474258866666972
0.0068291948666666736
0.007099706333333463
0.00730671693333349
0.0077465854000002094
0.007826894666666698
0.00765312900000031
0.008354752066666294
0.008864406999999967
0.008014893733333394
0.0072624988000001165
0.007196044133333383
0.007880454866666753
0.008206019400000032
0.008503265266666797
0.008045957799999925
0.008539602666666587
0.008191528066666483
0.007855803599999689
0.007489352400000015
0.00812458853333311
0.008575144733333435
0.008465670800000305
0.00902348533333317
0.008768187066666636
0.00873638693333317
0.008580176866666515
0.00847583786666668
0.008714205133333408
0.00901091846666707
0.008900553333333387
0.008915826333333618
0.009033657533333421
0.009252015800000398
0.009162584400000402
0.00875856679999932
0.009432766600000047
0.009376958733333395
0.009390792333333071
0.009173226799999885
0.009406033866666755
0.00901149893333321
0.00903408766666658
0.009363643133332763
0.009843295266666512
0.00991113220000012
0.01012521493333362
0.009616572999999563
0.009007397733333752
0.009565334199999616
0.010328016666667139
0.01032215533333319
0.009822929066667286
0.010404084799999443
0.009664638533333658
0.009449797333333503
0.01012655059999948
0.010092620866666617
0.01037775486666656
0.010651346466666685
0.010216859066665999
0.009420035666666375
0.010351391266666827
0.011355502066667356
0.011380706399999715
0.01152655026666641
0.011390203533332748
0.011253984933332834
0.011270408333333393
0.011127296199998919
0.010906065933333053
0.0104336227333332
0.011139673866666536
0.010979497800000359
0.010911961400000081
0.01100168166666767
0.010987805333333257
0.010813444666665836
0.011395294399999993
0.010729395866667109
0.011243655800000122
0.011269644266666271
0.011182039266666522
0.011497910733333802
0.011757402533333778
0.010823068133332706
0.011453615400000434
0.011744024933333463
0.011900480399999698
0.01180492339999925
0.011945651733333307
0.01116099026666717
0.011749466466666783
0.01261643653333356
0.012810978000000025
0.012651274266666708
0.01181949313333277
0.012175887400000343
0.012558087599999605
0.0125709366
0.012306274533333312
0.01257198193333314
0.011916625133333506
0.012755335000000182
0.01226632979999991
0.012856043733333659
0.012489209866666802
0.012123842599999553
0.012393988600000228
0.013302913066667088
0.012276422133332925
0.01338835313333296
0.013488394933333344
0.013615233599999972
0.012535399866667045
0.012671911333333223
0.013648439200000221
0.012955790400000212
0.013313849333334104
0.013240639866666253
0.013370953333333328
0.014308807266666198
0.015567572466666017
0.014525572999999525
0.013396700133332946
0.013890049733333854
0.014281334799999474
0.014081922399999296
0.014603728533334486
0.013737532333333035
0.014618373466666886
0.013985329866666991
0.013832581799998895
0.014586084199999997
0.01409774493333297
0.01461580439999987
0.013950068733333865
0.015302195266666747
0.014375132933333626
0.0142958300666668
0.014413627866665025
0.01397141886666636
0.015404090333333424
0.014136332066667971
0.014241832266666183
0.014229320466666688
0.014845384133333065
0.015023218599999666
0.01590658766666735
0.015359860266666202
0.014954906866667747
0.01592086126666601
0.016010976999999114
0.016226341066667278
0.015017508533334004
0.015615834133334753
0.015497704266664887
0.01783852600000036
0.01838745559999969
0.017064284200000182
0.01661207926666653
0.01671767613333325
0.0168070535333347
0.01792646080000111
0.01679967026666702
0.017406683800001113
0.01788003073333376
0.0172608975999997
0.01744156240000052
0.017659355933332677
0.017536855533332604
0.017207823533333055
0.01672865886666699
0.016965831533333642
0.017026766066666237
0.017666088466666945
0.018224277200000454
0.016403987933334464
0.018568422866666386
0.01849136020000041
0.019157459933332652
0.01879145593333457
0.018261788866666486
0.018156776466667187
0.018784357400000336
0.01920944213333371
0.019710644866667338
0.0186276958666672
0.018914774466666985
0.018970246866667633
0.019255343666666154
0.01946434413333312
0.0196643757333329
0.0168551506
0.018741389733333353
0.017562125199998963
0.01823541653333412
0.01931771206666705
0.01908972966666577
0.018414761733334235
0.019551547133333715
0.019635237533332864
0.018394396266666984
0.0196873554666657
0.01907252393333323
0.019273722066667175
0.019164504133332136
0.020196983133332937
0.019811431533332778
0.01858817493333286
0.0201091409333344
0.020324812533332685
0.01839187600000069
0.02045284606666655
0.020915201933333093
0.02015198099999888
0.020005446066667786
0.021133116733332714
0.02032103113333316
0.019880229933333264
0.022165519333333824
0.02155842453333321
0.021536865266667368
0.021803062866665356
0.022401525666667036
0.021531772333333758
0.02222791200000008
0.02283077513333372
0.022073305000000213
0.022234637266666843
0.02185622039999989
0.019964613133333843
0.022647744266666336
0.022392397599999468
0.02151300206666728
0.021616069333333123
0.021160515533332595
0.020919808066666216
0.0221598730666661
0.021473592866666516
