4.398666666756886e-07
8.69066666660719e-07
1.1227333333326446e-06
1.865400000000683e-06
2.0001333333352635e-06
3.0596666666604656e-06
3.4991333333363646e-06
5.101266666666474e-06
5.161266666664499e-06
5.9736000000124944e-06
6.587200000004086e-06
7.997133333337292e-06
8.393466666663704e-06
9.170733333333884e-06
9.828666666663229e-06
1.2443533333332072e-05
1.0259600000010287e-05
1.1534066666685217e-05
1.2175600000008391e-05
1.4075466666670552e-05
1.5189666666670654e-05
1.5835600000010017e-05
1.6944399999996307e-05
1.8778533333319025e-05
1.9310666666672028e-05
1.826993333334063e-05
2.0709000000000235e-05
2.12850666666616e-05
2.183766666666494e-05
2.2595333333334337e-05
2.512133333332963e-05
2.677699999998895e-05
2.5557800000001556e-05
2.797373333332335e-05
2.7484466666668114e-05
2.9173933333337398e-05
2.9950733333331905e-05
3.098793333333738e-05
3.354846666667743e-05
3.558700000001469e-05
4.638886666666527e-05
5.427513333332208e-05
4.916553333333592e-05
4.1272333333334615e-05
4.5866400000001604e-05
4.669713333333621e-05
5.709813333334054e-05
4.8337800000001575e-05
4.990400000000802e-05
5.722253333333797e-05
6.616726666667979e-05
7.92546666666764e-05
5.8803399999999655e-05
5.884419999999668e-05
6.0982933333323754e-05
6.916719999999765e-05
6.106180000000627e-05
6.228046666667542e-05
6.301059999999081e-05
6.557919999999514e-05
7.151679999999698e-05
7.039499999998607e-05
8.432279999999551e-05
7.033240000000606e-05
7.379326666667e-05
8.344186666666697e-05
8.205966666667101e-05
8.840400000000118e-05
8.354993333332672e-05
7.583100000001138e-05
8.56825333333311e-05
8.925773333332924e-05
8.408053333333054e-05
9.584673333332683e-05
0.00010009679999999355
0.00011440486666666564
0.0001031775333333392
0.00011337426666667705
0.00011183120000000102
0.00010955333333331577
0.0001037765999999977
0.00010832686666667479
0.00010807353333332677
0.00012018486666665791
0.00012416913333332947
0.00013344946666667227
0.00013478326666667152
0.00013292660000001252
0.00011804706666666369
0.00012664693333333348
0.00011587586666667038
0.00011771026666665593
0.00012902046666666279
0.0001356253333333372
0.00014008913333333575
0.00013851446666666157
0.00014389213333333058
0.0001425570000000098
0.00015322426666666649
0.00014082939999999767
0.00015297593333332877
0.0001428390666666631
0.00015837600000000082
0.00016041960000000576
0.00017334806666666387
0.00015620613333332904
0.00015548073333333153
0.0001514920000000049
0.00017142100000001233
0.00019666786666667398
0.00016792446666666905
0.00018119826666666375
0.00018629513333332884
0.0001762497333333261
0.00019432519999999694
0.00020211780000000122
0.00021214586666666498
0.00018926419999999814
0.0002187698666666682
0.00022764759999999902
0.00019949046666666674
0.0002250436000000004
0.00022147726666665868
0.00023581506666667067
0.00023675659999998765
0.0002469925333333345
0.00021280213333333038
0.0002231502666666755
0.00024567973333332603
0.00025822526666664883
0.00030726086666667355
0.0002684697333333319
0.00027096160000000813
0.00027182706666667444
0.0002837239333333315
0.0002659622666666935
0.0003309822666666573
0.00028813760000000096
0.00032502986666664845
0.00034696300000000384
0.00029300313333333603
0.00029766073333333437
0.0003142183333333307
0.0003091299333333482
0.00032148046666665336
0.00032358233333333873
0.000327486600000008
0.0003150912666666672
0.0003143402666666647
0.00032503773333332947
0.0003422652666666822
0.0002971538000000088
0.00033376913333332445
0.0002958728666666873
0.00033521200000001067
0.0003239743333333323
0.0003140072666666605
0.000329132800000013
0.00034668313333332537
0.00032808066666666725
0.0003438963333333378
0.00030860566666666885
0.0003460250666666627
0.00034668313333332537
0.00035851466666667606
0.00034502886666668936
0.00036731720000001317
0.0003567964000000072
0.00034895566666665414
0.0004063101333333356
0.00038092933333333523
0.0003584976666666462
0.0004034302000000064
0.00040897339999999746
0.0003870438000000013
0.0003751296666666552
0.00040768286666665134
0.0003865186000000002
0.0004299244666666609
0.0004220161333333324
0.00040577446666666036
0.0004139476666666549
0.00041740719999999363
0.00040729779999999495
0.00042143780000001294
0.00044006840000000805
0.0004506123333333223
0.0004467274000000095
0.0004332939333333267
0.0004269541333333497
0.0004464618000000013
0.00045186993333334126
0.000443916600000005
0.0004591661999999793
0.0004699650666666629
0.00044568966666665616
0.000470114533333336
0.0004590861333333418
0.0004712981999999958
0.0004904329333333291
0.0005038948666666876
0.000511676066666659
0.000512679933333334
0.0005306394000000066
0.0005112906000000066
0.0004875609999999808
0.0005229801999999969
0.0005387817333333415
0.0005823149333333388
0.0005940686666666695
0.0005830804666666634
0.0005684814666666816
0.000550636399999993
0.0005568250666666626
0.000536573133333329
0.0005770545333333506
0.0005880788000000248
0.0005557741333333422
0.0005404647333333419
0.0005807670666666542
0.0005841807333333134
0.0006006687999999964
0.000580491333333318
0.0006066218666666974
0.0005977259999999577
0.0006319252666666515
0.0006211687333332883
0.0006406356666667001
0.0005989020666666475
0.0006423532666666917
0.000615724666666632
0.0006283902000000285
0.000695715800000037
0.0006731640666666797
0.0006547047999999833
0.0006690763333332998
0.0006809819333333541
0.0006462333333333496
0.0006368943333333525
0.0006723222666666473
0.0006810576666666623
0.0006773505333333615
0.0006802622000000665
0.0006928424666666544
0.0006579273999999616
0.000741943533333315
0.0007513272666666607
0.0009891870666667005
0.0008277631333333257
0.0007587511333333167
0.000741743133333328
0.0007274491333333355
0.000752475466666643
0.0007392465333333191
0.0007401979999999734
0.0007549654666666387
0.000709319466666658
0.0007477996666666412
0.0008845000666666565
0.0008140598666666943
0.0009682090000000087
0.0010574792666666313
0.0007741501333333437
0.0007659517999999643
0.0008222794000000514
0.0008066539333333456
0.0007925909333333259
0.0008008380666666574
0.0007861806666666471
0.0008161747333333599
0.0008364409999999693
0.0008461621333332984
0.0008603795333333182
0.0009068227333333419
0.001129618799999932
0.0009478465333333593
0.0008555480666666633
0.0008372805333333547
0.0008918935999999859
0.0008478592666666914
0.0008569453999999569
0.0008789388666667009
0.0009474088000000158
0.000897087533333322
0.0008902067999999966
0.0009263197999999899
0.0009005541333333126
0.0009181623999999851
0.0009513857333332876
0.000947829466666672
0.0009518516000000421
0.0009533066666666793
0.0009403562666666865
0.0009674305999999965
0.0009489431999999779
0.0009910441333333075
0.0009875097333333323
0.0009799033999999965
0.0009551182666666472
0.001005096599999907
0.000993636199999918
0.0009865934666666001
0.0010022759333332112
0.0010459430000000639
0.0010522639333332565
0.001008948266666702
0.001009523666666645
0.001074879533333384
0.001068763133333365
0.0010471476666666923
0.0010578587999999557
0.0010937418666666864
0.0010268893333333473
0.0010734506000000662
0.0011133182666666446
0.0010980024000000496
0.001123906533333289
0.0011362195333333898
0.0010762924000000081
0.0011260643333333615
0.0010888193333333203
0.0011009857999999836
0.0011258823999999261
0.0011657326666666041
0.0010870538000000707
0.0011504997999999785
0.0011194281999999055
0.0011927960000000107
0.0011697648000000467
0.0012093290666665682
0.0011750826666667416
0.0012349679333332495
0.0011851852666666515
0.0011985305333333566
0.0011597120000000239
0.0012019553999999802
0.0012290403333332792
0.0012140735333333967
0.001233247733333324
0.001226115733333355
0.001230712200000017
0.0012395479333332736
0.0011828747333333092
0.0012536946666666419
0.0012462502000000282
0.0013009309333332848
0.0012802266000000748
0.0014750660666666823
0.0014863477333333522
0.0015077290666666817
0.0015849508666666641
0.0014949418666666918
0.0014236170666666345
0.0014147241999999357
0.001330624466666682
0.0013946329333333434
0.0013685173999999614
0.0014226755333333508
0.0014045261333333356
0.0014935925333333581
0.0013961734666666874
0.0013989318666666269
0.0014457571333333105
0.0014142424000000097
0.0014815416666666672
0.0014291417333333575
0.0014138845333333686
0.001414105199999997
0.0014284554666666041
0.001617055200000017
0.0016405335333333918
0.0015696412666666919
0.0015843834
0.0015082292000000368
0.0014814285333333585
0.0015396949333332799
0.0015217439999999508
0.001522568666666698
0.001584928866666709
0.0017333699333333286
0.0016470336666667565
0.0015574049999999378
0.0015892333333333397
0.0015362919333333854
0.001573688466666597
0.0016238768666666735
0.0016304374666666751
0.0016158683333333812
0.0016460191333333245
0.001660687133333294
0.0015714518666666362
0.0016696640000000448
0.0016621525333332758
0.0016324857333333811
0.0017000673999999865
0.0017229678000000525
0.0017651220000001189
0.0016558137333333297
0.0016943500666667906
0.001656610333333338
0.0017242150000001289
0.0017286343333333084
0.00178302773333332
0.0017581449333333055
0.001686466933333186
0.0016872749333332493
0.0017011646666667583
0.0017131637333334263
0.0017376575333333476
0.0017465888000001448
0.0017891397999999132
0.0017849186666665537
0.0018810351333333013
0.0018053253333334851
0.001843595066666559
0.0018239704666667578
0.0018142391333331768
0.0018655514000000058
0.0017847520666666838
0.001837813733333249
0.0018228916666666113
0.0018091719333333126
0.001810351533333332
0.0017882138666665882
0.001841405200000068
0.001821212333333359
0.0019051546000000623
0.0019402990666667582
0.0018736807999999291
0.0019295959999999113
0.0019041728666667978
0.0019490045999999003
0.0019109146666666632
0.002052097600000084
0.0019615918000000696
0.0019283539999998803
0.0020323458666666144
0.0019485907333332737
0.0020056588666666525
0.002014111933333377
0.00203453686666671
0.0020301732666666793
0.0020503230666667704
0.001997297333333374
0.002104217333333184
0.0019755857333333183
0.0020364564666666735
0.00202755933333331
0.0020159115999999716
0.0020305738666666667
0.0020906852666666845
0.0025546742666666235
0.0021383863333333864
0.0020919892666666938
0.002198347800000041
0.002100833266666709
0.0021356877333332134
0.002162957600000226
0.0020967955999999788
0.0021814605333331607
0.002191074666666696
0.0022030148000000693
0.0021420280000000367
0.0022826479999998503
0.0022322283333334526
0.0022487872666666557
0.0023017482666666924
0.0022254445999999226
0.0023069493333331675
0.0022540102000001266
0.0022632710666667796
0.0022374318000002447
0.0022486214000000614
0.002268707133333455
0.0022595667333333105
0.0022879362666666124
0.002372035733333355
0.002397177266666676
0.0023382032666666203
0.002381977733333092
0.0023615545333332357
0.002575468333333338
0.002410064533333234
0.0024717555999999993
0.0024539206666667943
0.002366557800000102
0.0023792850000000127
0.0024162722000000397
0.0024361967333332403
0.0025112015333334033
0.0023951789333332605
0.002411587133333389
0.0025180465999999533
0.002476072133333377
0.0025024227333334537
0.0024597509333334007
0.0025443772666665864
0.002473277133333222
0.002504875799999873
0.0024359528666667058
0.002585547266666666
0.0025864803999999944
0.0025926319333333227
0.002537879399999928
0.002532286799999935
0.002660755133333244
0.002671326733333442
0.0026598815999999323
0.002562107466666852
0.0026980598000000337
0.002627458733333358
0.0026748006666666175
0.002730912666666659
0.002690723733333241
0.002682584200000034
0.0025857164666667504
0.0026171116666665385
0.0028275448666668385
0.002694745333333752
0.0027589666666665144
0.0027947111999997295
0.0028086800000004077
0.002757248466666695
0.0027184161333331978
0.0028477119999999207
0.0028325800666666604
0.00274878266666659
0.002738979999999695
0.002788292133333551
0.0028053137333332737
0.002772330266666856
0.0028467803999998155
0.0028726409999999683
0.0028457223333328823
0.002886377333333456
0.0029555248666669107
0.0028262834666668607
0.0028471831333333124
0.0030067312666665438
0.0028776740666665765
0.002893192799999985
0.0030516903333332123
0.0029818136666666106
0.0032094226666664837
0.0030035425333331035
0.0029468780666667507
0.0030203049333335247
0.003077371866666449
0.0030371440666666417
0.0030141414666669418
0.003066581533333235
0.002890853400000045
0.003039534666666673
0.0031981271999998264
0.0031799253333332444
0.0030916914666666647
0.0031579400000000626
0.0031469656666665456
0.003087720333333266
0.0031692422000001367
0.0031233923999997395
0.003071150333333132
0.003192458800000016
0.003191334000000031
0.003231926866666749
0.0031714196666668454
0.003474296333333508
0.0034690477999998136
0.003399022666667051
0.0033887838666667373
0.003312636333333548
0.0033779549333334082
0.0033590321999999637
0.003413801399999983
0.004593096533333233
0.003429308200000136
0.003222185666666159
0.0033562681333331548
0.0033130258000003466
0.003321478866666657
0.003366866800000068
0.003430245199999978
0.003634449666666484
0.0033578646666665435
0.0035937263999997527
0.0033587506666663105
0.0033845699333337363
0.0035879947333334883
0.0036743167999998623
0.0038181931333332625
0.003600398399999823
0.0037120090000000755
0.003534396600000041
0.0037760057999998748
0.003708038200000393
0.0037189713999998967
0.003671550666666808
0.003711167200000176
0.003660144466666537
0.0038712065999998656
0.003697539333333329
0.003985197466666435
0.0038220349333334034
0.0037252548666669347
0.0037824175333335337
0.003871757933333342
0.0038392360666667474
0.0038925858000001296
0.003954318599999832
0.004014134733333326
0.004047574399999713
0.004070354866667122
0.00405382706666669
0.0039849216666669445
0.004023298866666755
0.004283056866666731
0.004282330666666685
0.00491064053333344
0.004167093066666539
0.004558534000000236
0.004070032466666381
0.0040984183333332425
0.004107006666666872
0.004061206866666941
0.004083939333333456
0.004186858600000083
0.004039525733333349
0.004387503533333259
0.004141454800000351
0.004080992933333387
0.004202539533333412
0.004375225733333228
0.004486888999999768
0.004349689999999858
0.004259833866666914
0.004407445933333657
0.004623713533333292
0.004380425999999934
0.004446672400000059
0.00498864153333353
0.004260201666666556
0.0043622603333337414
0.004305529333333169
0.0042494669999998775
0.0043915920666667795
0.004681627999999686
0.004496614866666941
0.004746601933333021
0.005093735199999827
0.004724523000000147
0.0043533663999999325
0.004438013066666713
0.0044423612000000405
0.004589722933333107
0.004701857266666802
0.00512100999999987
0.004622606666666703
0.004510761799999941
0.004441605533333378
0.004407986866666746
0.004405193000000077
0.004611197466666065
0.00468755406666664
0.004696951133333016
0.004509649266666808
0.004448720800000435
0.00463012713333318
0.004734276200000428
0.004701428599999721
0.004953336333333169
0.004477606666666626
0.0047453785333331664
0.005248048199999762
0.005106664800000023
0.004602455866667062
0.0050347633333331036
0.005054188333333087
0.00466150253333358
0.00494819433333357
0.005111963733333151
0.004834319733332867
0.004887089466666339
0.004834413999999991
0.004844343266667532
0.004695452200000005
0.004831454599999793
0.004784156533333335
0.004989470999999904
0.0049572330666670435
0.004845299733333756
0.005153578733333575
0.005199637333333129
0.00487040413333375
0.005043046666666366
0.005059753333333106
0.004923608333333362
0.00505716266666667
0.005210506133333818
0.005223906199999343
0.005171785466666515
0.005033165933333332
0.005133708266667488
0.005124798399999738
0.005015778599999976
0.004959899066666651
0.005114039200000064
0.005055024199999991
0.006388370666667242
0.005335206400000914
0.005408464333332811
0.005089100466667417
0.005182643599999656
0.005146399533333105
0.005127712733333567
0.0052189369333331586
0.005397634799999907
0.0054370752000001705
0.0051913070666666766
0.005335922333332851
0.005268917000000547
0.005203870333333545
0.005508245133333153
0.005396593266666846
0.0053871113333338865
0.005282715933333293
0.005469043066666046
0.005311745133332835
0.005426843600000097
0.005451160400000295
0.005419884466666502
0.0054567842000006785
0.005460547466666791
0.005552376066666417
0.005749709933333236
0.0057790398000004
0.005423570000000429
0.005628485799999794
0.005662763399999686
0.0057301418666663535
0.005540802200000172
0.005533200133334049
0.005717762066666883
0.005568822866666542
0.005759640933333543
0.0058038816666666545
0.00574298159999979
0.005781896399999908
0.005654325199999732
0.0056936207333334226
0.005986131333333589
0.005847784400000459
0.005939472066667406
0.00618577026666666
0.005887640133333131
0.005820958133333676
0.005846579666666685
0.005978592533332971
0.00580895153333311
0.005850594666667064
0.0058772927333334245
0.006041061466666994
0.0059414494666664075
0.006090399933334112
0.00594859233333409
0.006126521266667121
0.005976417733333269
0.0058642949999997045
0.006003772933333333
0.005914084866666514
0.006226781466666864
0.006512190733333511
0.006044118133333379
0.0060409174666664475
0.0058883274666664915
0.006173364933333166
0.006130619799999693
0.00632654426666619
0.006305595066666806
0.006706176733333299
0.0061938061333333865
0.006219777533332878
0.006187751133333089
0.006206990999999817
0.0062753554666665915
0.006146961066666989
0.006322230800000028
0.006734135999999561
0.006495574800000981
0.006417090733332979
0.006384405799999371
0.006305530599999779
0.006410072066666809
0.006240920666666246
0.006349496466666693
0.0063970125333338975
0.006495356400000674
0.006694603999999771
0.0062655198666665985
0.006467672399999695
0.006462915266666869
0.0069849097999996465
0.00656043680000001
0.006572981066667438
0.006537869200000301
0.006794786533333763
0.006878890333333724
0.006659541333333626
0.006859898866666469
0.006893025600000158
0.006782848999999895
0.006906423666666939
0.0071379831333333735
0.007088721866667432
0.007162544266666752
0.007920588800000654
0.006851864266666752
0.006937834866666747
0.007065715400000509
0.006938599666667263
0.006824435000000287
0.007130716133332745
0.0072034902000003365
0.007235383400000236
0.0070856951333328295
0.007064978266667054
0.0069847465999998805
0.007098450599999732
0.007277775399999342
0.007477145666667439
0.00744485253333309
0.006873360933333335
0.007252342799999904
0.0070942465333333855
0.007043145266667021
0.006989299933332897
0.007092497400000278
0.007128652933333275
0.0073199778666669605
0.0071501918666676545
0.007159848733332789
0.007450540799999791
0.007271090466665934
0.007454923533333139
0.007259725400000624
0.007681625600001022
0.007683262266666683
0.007182307333333427
0.007426789266666371
0.0077920773333341724
0.007583745133332797
0.007592947133332946
0.0072564288666673825
0.0073940961333339794
0.007356058733332797
0.007484696199999992
0.007538215266666271
0.0072399988666665156
0.007598287200001152
0.007822077533333527
0.007692299199998824
0.0073318148666667565
0.007574646466666005
0.007423200533334296
0.0077131797999996365
0.007612725600000658
0.007984321133333102
0.008392941999999456
0.00817664313333258
0.008172982733333356
0.007720247733332523
0.007908877133333192
0.007681234533331842
0.007749720400000607
0.007973202733333077
0.007818342733332883
0.0077226522666653825
0.008308054866667192
0.007506066933333008
0.007779800199999442
0.007609067266667561
0.008076946866666882
0.007783402733333844
0.00850217793333267
0.007840408533333705
0.007910742933333381
0.00786208066666679
0.007806603066666184
0.008056502266667565
0.008214632466667145
0.008040920466667482
0.008233507333332567
0.007937343666667592
0.008070562066666297
0.008697063400000597
0.008116479600001487
0.008172841666666859
0.008226974533333476
0.008110141399999786
0.008131038466666496
0.007974525733333829
0.008226084866666383
0.008464915399999029
0.008646340933332415
0.008220849533333307
0.008443399800000388
0.00853517446666577
0.008289343466666328
0.008336036000000036
0.008535485333332815
0.008321142066666216
0.008318121266667807
0.008584762133333375
0.008944354533333391
0.00843824153333325
0.009023640066666398
0.008575956066665924
0.008602048000000195
0.008675649933333317
0.008893738799999558
0.008568115866665948
0.00887215440000091
0.008723021866667579
0.008520134933332695
0.008661645799999935
0.00857733400000124
0.009322613333333625
0.008830008200000823
0.008751830266666616
0.008806024533334286
0.009195596533335505
0.008762235266666115
0.008841476266665893
0.008800534599998855
0.009066039933334007
0.00905057306666824
0.009166526666665694
0.009098683733334667
0.009727159266666282
0.00920657886666684
0.00887182493333493
0.008809361999999037
0.008887932133331826
0.009026660466667617
0.008995170400000063
0.008931961266666141
0.009160347999999867
0.00913845046666637
0.009953902533332837
0.009043037200000962
0.009418289466665423
0.009249812866665744
0.009965679466666207
0.009164691999999756
0.009243532400001205
0.008951036866667532
0.009017544666667732
0.009428396066667233
0.009232825599998763
0.0100324864666689
0.010195615466666651
0.009169195333334794
0.009470002133333821
0.00929376313333279
0.010432457266666025
0.0097587251999992
0.010506250533333627
0.009604797733333706
0.009196611533332563
0.00952096933333498
0.009275509600000002
0.009727136399999855
0.009401807199999723
0.009745894466667456
0.00988559193333316
0.009263569800000936
0.009630771933332956
0.009580490600000739
0.009549315866666082
0.00959779379999901
0.009960458399999558
0.009682782733332356
0.009690474066666847
0.009842726266666565
0.009646989266666612
0.010003155466666651
0.010200965733332623
0.009671679000001158
0.009477280999999494
0.009727089400000466
0.010989041799999674
0.01064355279999963
0.010122839666667004
0.009972697066667043
0.010010373799999665
0.009940233333332552
0.010481298533332507
0.009811512733333909
0.010066751200000112
0.010175365999999523
