5.189333326901153e-07
3.773333328164578e-07
6.896666671233712e-07
8.851333319626065e-07
1.0710000007444856e-06
1.3124666670213023e-06
1.4614666663230007e-06
1.911133332536489e-06
1.9731999988910806e-06
2.213333334566414e-06
2.377533334178376e-06
2.633266667354898e-06
2.974266667858198e-06
3.3250666660933347e-06
3.470600000810009e-06
3.980066666050183e-06
4.56306666715515e-06
4.478933333492326e-06
5.15553333286789e-06
5.1000666663488426e-06
5.842333334271643e-06
6.042399998780942e-06
6.602199999387418e-06
6.274999998841698e-06
7.011933334410969e-06
7.891666667111016e-06
7.716199998242246e-06
1.285726666632551e-05
9.570599998672453e-06
9.657133333481245e-06
9.844133334505992e-06
1.031139999933354e-05
1.0592666666771796e-05
1.4300266667059228e-05
1.1968599999552983e-05
1.1027266666966777e-05
1.2368266666366405e-05
1.3014333332724466e-05
1.2335266666241295e-05
1.3810533333469266e-05
1.5561600001490206e-05
1.449913333336402e-05
1.5953333333603346e-05
1.6179933333167658e-05
1.7169133334959953e-05
1.691566666484808e-05
1.8490000001728883e-05
1.720426666527904e-05
1.6401866666626574e-05
1.8638066667146328e-05
1.8015399999171677e-05
2.241546666539307e-05
2.2478666666359003e-05
2.3656266667160252e-05
2.229953333312551e-05
2.1319866667113276e-05
2.496906666635823e-05
2.2073266667158956e-05
2.3964200000629413e-05
2.5182933333193582e-05
2.587693333282459e-05
2.5378600000180995e-05
2.689880000161793e-05
2.7940800000673485e-05
2.4860666666863077e-05
2.7305799998581886e-05
2.8881999999915326e-05
3.086700000001959e-05
2.821480000060698e-05
3.3440599999323695e-05
3.014379999939365e-05
3.072300000136844e-05
3.493313333393644e-05
3.3620666667388835e-05
3.484726666632317e-05
3.4547399999951266e-05
3.558039999897271e-05
3.7292666666151795e-05
3.583560000019285e-05
3.842266666633047e-05
3.952926666623095e-05
4.0461466667807144e-05
4.323280000117317e-05
4.1442733333004375e-05
4.7230266666531406e-05
4.4494066668221424e-05
6.0014533332264364e-05
4.3494533332477656e-05
4.6998200000321805e-05
4.9997199998585987e-05
6.095320000080543e-05
5.289386666665526e-05
5.230880000084426e-05
5.4391066666426016e-05
6.7705933334139e-05
6.659906666612869e-05
6.0035533333291366e-05
5.913893333418703e-05
5.874326666723088e-05
6.571140000014945e-05
5.942653333287732e-05
6.166593333271446e-05
6.801059999901326e-05
6.21004666664741e-05
6.87987333326608e-05
6.284206666625398e-05
7.030899999970567e-05
6.139226666685242e-05
6.490266666598169e-05
5.741413333311129e-05
6.880320000040759e-05
7.109499999984337e-05
7.017900000031811e-05
6.619686666719342e-05
7.451873333271426e-05
7.652240000008229e-05
7.729379999877513e-05
8.802439999963477e-05
8.038980000009132e-05
9.146880000040861e-05
8.777886666706536e-05
8.998520000128944e-05
9.534386666558703e-05
9.28586000005301e-05
9.817780000010619e-05
0.00010498226666679026
9.311740000062703e-05
0.00011080420000032139
0.00010549326666667488
9.626126666546497e-05
9.765646666579642e-05
0.00010058000000014999
9.71112666661611e-05
9.700360000029681e-05
0.00010102206666573466
0.00010476220000015246
0.00010070539999986749
0.00010771300000034974
0.00011393253333314609
0.00012115146666739444
0.00011659719999954632
0.00012723306666610293
0.00013086980000025504
0.0001364989333325184
0.00013666146666698373
0.00013190073333314937
0.00013531866666625093
0.00013552373333377925
0.00013045446666524186
0.00013688753333222317
0.0001323355999995594
0.0001277470666678937
0.00013695913333246305
0.00013362113333338735
0.0001425938666666108
0.00015428640000105057
0.00014585366666655848
0.00015240473333382926
0.00014575266666696506
0.00017374906666750196
0.00015818540000035833
0.00018285033333427237
0.0001828532666683221
0.0001918822666667097
0.00019407539999984161
0.0002180982000003458
0.00018104353333351733
0.00026681606666538
0.00021810073333294137
0.00019114333333381713
0.00020553220000086488
0.00021791686666669345
0.00019861086666613423
0.00018290820000099
0.0002060692666669676
0.00019030626666799815
0.00020108573333317282
0.00021071613333324042
0.000183807799999632
0.00019672666666773844
0.00019129159999948798
0.00019924299999966402
0.00019941126666604228
0.00018626506666758285
0.0001794457999996742
0.00019887879999960962
0.00019994406666607272
0.0002026243333328163
0.0002115560666671475
0.0001977849333329118
0.00018733793333420106
0.00019890546666564055
0.00021211226666745613
0.00019742086666572808
0.00018659119999995256
0.00019355299999877692
0.0001918910000000551
0.00021043499999962023
0.00021793779999986404
0.00020125333333330294
0.00021366479999992787
0.00020768693333413543
0.0001957371333332958
0.00021585060000101446
0.00021986006666641818
0.00023428060000062109
0.00023449533333443165
0.0002357874666657267
0.0002609451999992037
0.00028895553333209515
0.0002557104666654671
0.00027570926666697915
0.0002537150666663971
0.00025952433333316095
0.00027080086666586567
0.0002812701333330854
0.00030554473333287054
0.0002730276666658445
0.00031488586666578535
0.00039603566666670533
0.0003393979333334111
0.0003149704666673377
0.0003223660000003292
0.0003103013999994649
0.0002777086666682749
0.0002839690000001838
0.00029069660000070977
0.0002833177333329218
0.00028623406666620593
0.0002881094000007541
0.00031232339999907784
0.00028553086666723476
0.0002773097333327238
0.00026312246666530353
0.000272777466666696
0.00029798293333271886
0.000317376266666732
0.00032789393333416684
0.000292008600000789
0.0002759172000002271
0.00027967513333351237
0.00028166206666592567
0.0003104428666669416
0.00030894246666880086
0.0003379670000001056
0.0003071661333332069
0.0002798941333333952
0.000300587799999145
0.0003057560000011487
0.00033219333333297146
0.0003421475999990283
0.0003770531999990112
0.00033346646666766825
0.000320348733333257
0.00033145586666686694
0.00036352560000002163
0.0003674208000006729
0.0004351992666665675
0.00040796546666636385
0.00037709966666644356
0.00042334379999857673
0.00040635419999972554
0.0006852700666684086
0.0004901820000000612
0.0004641018666651083
0.0004123129999986948
0.00045979066666698525
0.0004395195999990165
0.0005407639333322815
0.0005356133999995904
0.0005075632666669586
0.00048180726666752585
0.0004376044000011348
0.00044823453333341
0.0004836313333337709
0.00043798466666610615
0.0004187669333319377
0.00043651146666547904
0.0004391616000001856
0.0004403972000001014
0.00040144286666645714
0.0004120157333337223
0.00043901406666482974
0.0005023653999993864
0.0005310325333330941
0.0005010916000008099
0.0004668301999989429
0.0004943187333320035
0.0005021157999995769
0.00046766746666643635
0.0006037613333319314
0.0005739374000005644
0.0006287519999986557
0.0005634361999999744
0.0005336981999993403
0.0004852241333338725
0.0005393111999997776
0.0005505035333333315
0.0006651146666674397
0.00059035793333256
0.0005964884000012678
0.0005195131333337599
0.00048728979999973867
0.0005553037999987964
0.000524883399999491
0.00048545833333311824
0.0004932862666668333
0.0005652191333330355
0.000490892466666537
0.0004711782000001108
0.00047850533333217984
0.0004927781333350367
0.0004954358666670563
0.00048547333333317513
0.0004966505333338016
0.0004842799999996335
0.0005302079333347365
0.0004904589333326234
0.0004596144666673278
0.0004865251999997137
0.0005364611333334324
0.0005285805999998653
0.0005179729333330366
0.0004990274666662723
0.0006201995333322922
0.0006423914000000271
0.0005979424000003064
0.000565193199999688
0.0005924254666647736
0.0005848573999993316
0.0006580782666674168
0.0007747127333326868
0.0006701212666664939
0.0005987444000003469
0.0006627305333334259
0.000604499733333815
0.0005470968000002093
0.0005542020666671495
0.0006352974666678316
0.0005855775333335108
0.0005683992000011054
0.0005651457999997926
0.0005905714666672187
0.0005650424666669096
0.0005677520666665714
0.0005761440666660178
0.0005961440666676292
0.0005966381333351479
0.0006230096666655527
0.0007236528666680897
0.0007879312666673854
0.0007575180666658335
0.0006992648666662642
0.0007211219333332981
0.0008124019333337173
0.0009588755999994684
0.000834455266667078
0.0008286427333326666
0.0007205133999993525
0.0007212550000000799
0.0007237842666673563
0.0006576965333328151
0.0006543674666673382
0.0006945355333333699
0.0006830857333331627
0.0007139556000003229
0.0008862913333331334
0.0008032703333341829
0.0008363464666662897
0.000780183866666088
0.0009321365333335053
0.0009420121333320707
0.0008144329999988524
0.0008480955999999651
0.0009172471999998303
0.0007635629999986312
0.0008167369333326254
0.0009048077999996925
0.0009630763333333903
0.0009075222000006989
0.0007683014666667986
0.0008245139999994914
0.0007619259333343583
0.0007611625333320641
0.0007261712000001808
0.0007003056666656941
0.0007432783333319056
0.0008068279333339016
0.0007532611333327092
0.0008298978000003862
0.000876611400000608
0.000844011399999071
0.0008435112666655679
0.0010866232000012132
0.0009963245999998094
0.0008572590000004728
0.0008613899333340669
0.0008366294000007694
0.0007632654666679173
0.0008180416666666209
0.000817318400000507
0.0008230478666680104
0.0008562119333329103
0.0007769723333325374
0.0008233174000001971
0.0008502848000001488
0.000798167466666655
0.0008261806000011992
0.0008076843333327588
0.0008332370666669438
0.0009614691333330445
0.0009319577333333958
0.0009559929999994665
0.0011678315999991658
0.0010118128666671093
0.0009408283999988498
0.0009352796000011191
0.0008762691999995316
0.0008602241333330577
0.0009107024000006921
0.0008337351333343198
0.0009091788666675409
0.0008512775333334351
0.000914292133333087
0.0009499238666658508
0.0008955228666669275
0.001075833000000633
0.0010576011333327529
0.0011073152666668308
0.0012935724666666222
0.0011367645333336895
0.0010198634000005314
0.0010597764666660698
0.0008850668000012737
0.0010428418666667957
0.0009887403333332637
0.0010037347333318773
0.0009466980666672953
0.0009427705333341881
0.0009524992000010002
0.0009784118000008373
0.0010376468000008762
0.0010738027333331956
0.0012241946666662785
0.001186283066667689
0.0011361722666663355
0.0012717430000004507
0.001286325533331952
0.001225402000000031
0.001007474000000741
0.001101890199998934
0.00103279673333437
0.0010464115999999043
0.0009688481333318085
0.001159835200000714
0.0010713102666670693
0.001278605733333412
0.001221827999999429
0.0019884368000006704
0.0016826235999999994
0.0012701494666676656
0.0011994237999985557
0.0011870872666657798
0.0010809950666678485
0.0011484649999999874
0.0010593111333330777
0.0012540826000005723
0.0012344661333339483
0.0013485586666675431
0.001185359533333023
0.001235906399998991
0.0011985143999993398
0.001485723400000912
0.0013349538000004676
0.0012788693333334322
0.0012065804666661962
0.001161519199999835
0.0011242542000000336
0.0012183367333335581
0.0011481586666680717
0.0012251740666679703
0.0012078288666681183
0.00138335286666423
0.0012830217333335743
0.0014348388666671024
0.001416136200001006
0.0012676244666674089
0.0012522078000008227
0.001308467133333598
0.0011816210666665938
0.00124584979999914
0.001324814066667083
0.0014046595333340405
0.0013476417999996216
0.0014625666000000592
0.0014469796666664555
0.0016731784000010444
0.0014908049333333415
0.0015932481333322812
0.0016234606000002335
0.001384722533332668
0.0013386544000004127
0.0013813708000000701
0.0013571119333339729
0.0016795934666660628
0.0019291958666675176
0.0016155616666656176
0.0016942402000002705
0.0017275365333347282
0.0015491512666666078
0.0014617454666677077
0.0012979800666660898
0.0013825647999993862
0.0014780755999988552
0.0013147434666668308
0.0013595241999998582
0.0015072279999998272
0.0015011116666665695
0.0016215897999998675
0.0016974019333346746
0.0016581208666674267
0.001370202600000899
0.0014648032000001384
0.0014113189333334237
0.0013325463999999934
0.0014923364666671545
0.0013884278666665751
0.0016105124666656442
0.0017794607999997917
0.0018246671999998891
0.0015146129333331259
0.001494607866667271
0.001540997533333647
0.001387939066667343
0.001379946200000859
0.0015455515999998207
0.0016646820666669745
0.0015126826000013693
0.0017836794666682939
0.001713450866668135
0.0017655520666669607
0.0015909953999999023
0.0016112004000002381
0.001815092000000599
0.00179508113333308
0.0021229528666665944
0.0017166890666672429
0.001972159999999216
0.0017103513999993916
0.0016341085333337446
0.001494295799999179
0.0014988675333341916
0.001471092933334243
0.0015678307333345741
0.001544613933333494
0.0016368923333317299
0.0018322026000002249
0.0019271756666654483
0.0019941312666669356
0.0021957182666658545
0.0018515137999993196
0.0016466991999995646
0.001476616199997712
0.0015932911999991953
0.0016189743333342222
0.0016804641333327671
0.0017682317333343651
0.002083043866665927
0.0019299634666670802
0.0018712940000009818
0.0017360008000011362
0.0017221405999985487
0.0015699849333330462
0.0016605167333314816
0.001749522066666979
0.0019017533333339997
0.001957224266666439
0.0022406227999989406
0.0020150069333335335
0.0021911574666669746
0.0019444718000016792
0.001948335666667352
0.0017526308000000768
0.0020623442666670637
0.0020636622666666917
0.0019785803333329946
0.001827126866667091
0.001717803133333007
0.0017142345333326149
0.0017208880000003054
0.001740441333333346
0.0018751014666662513
0.0018739423999988957
0.002016376133332187
0.002098283266666575
0.0019327724000007152
0.0018755089999999085
0.0017807665333336331
0.0018431237999990912
0.0021533906666661553
