8.097999938172507e-07
4.377999999860549e-07
9.843999976055783e-07
1.1809999989509378e-06
1.1503999985507108e-06
1.4307999975926577e-06
1.7603999992843456e-06
1.6249999987394404e-06
2.265999998485313e-06
2.134599998271369e-06
2.258800003573924e-06
3.267799996820031e-06
4.172600000629245e-06
3.0552000026773386e-06
3.5616000019444983e-06
4.093199999033459e-06
3.827800000522075e-06
3.79420000342634e-06
4.329800000846263e-06
5.004400003372212e-06
4.162999999834938e-06
5.097999996905856e-06
4.9872000005279915e-06
4.795199996010524e-06
6.9452000019509795e-06
6.635599996229758e-06
6.929600007765657e-06
6.864600004519162e-06
6.486600000243925e-06
6.932799999503914e-06
6.4815999962775095e-06
6.93820000208234e-06
6.484200000045348e-06
7.5753999965399995e-06
9.353600000849838e-06
7.5835999979290135e-06
1.0748799996918024e-05
1.099659999965752e-05
8.281799998144379e-06
1.1254799994731002e-05
1.0549999998943349e-05
8.886399996299588e-06
1.0407599998529803e-05
1.001919999907841e-05
9.892199994965267e-06
1.2309400000276583e-05
1.1439800002222e-05
1.1873199997580742e-05
1.2305999996442552e-05
1.197480000030282e-05
1.0739399996850807e-05
1.5563000002316584e-05
1.0744800002271404e-05
1.1448000003611014e-05
1.2616800000841977e-05
1.5637400002788128e-05
1.3471600001935258e-05
1.5496800003234057e-05
1.2390799997774594e-05
1.56178000025875e-05
1.2107999995691899e-05
1.2146600002438391e-05
1.7820200000073783e-05
1.5411999999059845e-05
1.9308400001705196e-05
1.885599999980059e-05
1.6393200002084996e-05
1.601799999946252e-05
1.8093399998519998e-05
1.5799799999172138e-05
1.9492399997034226e-05
1.8837999996890174e-05
1.5943400003948228e-05
1.8042599992895703e-05
1.578639999877396e-05
1.5857799999707824e-05
1.977800000645402e-05
1.8901200002119366e-05
2.0201800001018456e-05
2.2998000002871776e-05
2.034119999905215e-05
2.2145600001977073e-05
2.5048800000604388e-05
2.000720000125966e-05
2.2853999999483678e-05
1.9632600000818456e-05
2.060420000020713e-05
1.9044800001211116e-05
2.0941200003221638e-05
2.200059999779569e-05
1.824839999642336e-05
2.5572599997758517e-05
2.1541400002433875e-05
2.3186799998597964e-05
2.7974000002473075e-05
1.8799199997943107e-05
2.010519999942062e-05
2.344699999810018e-05
3.333960000304614e-05
2.2560200000043552e-05
2.2826800000075308e-05
3.0473799998276264e-05
2.5267199998779687e-05
2.7784200003111437e-05
3.466240000022935e-05
2.624180000339038e-05
3.542439999932867e-05
2.873900000111007e-05
2.8630400004203692e-05
3.5245400005123885e-05
3.10623999979498e-05
2.6215799996975876e-05
2.3361000000932108e-05
2.9671600000824582e-05
3.1015199999728794e-05
4.225599999756469e-05
3.414019999752327e-05
2.4139999996464213e-05
2.9482800002256226e-05
3.38173999978153e-05
3.0330999993566366e-05
3.6124800001857696e-05
3.845239999975547e-05
3.795439999692008e-05
3.237859999956072e-05
4.820779999761271e-05
4.0799999993623715e-05
3.420720000235633e-05
3.99647999984154e-05
3.1128000003377565e-05
3.3329600000797655e-05
3.878120000138097e-05
3.7204000005885976e-05
3.945819999842115e-05
3.402259999916168e-05
5.588240000236056e-05
3.4096999996791055e-05
3.628800000115007e-05
3.741000000161421e-05
4.6673599999280666e-05
4.016279999916605e-05
5.920120000553197e-05
3.554779999603852e-05
3.791039999896384e-05
4.720059999954174e-05
3.644439999845872e-05
5.479700000421417e-05
9.53590000051463e-05
6.466699999805315e-05
4.315579999740749e-05
4.7639400000321076e-05
5.677059999982248e-05
6.1028400000395774e-05
3.740079999943191e-05
5.146120000176779e-05
5.043140000111634e-05
6.502859999955036e-05
5.6850599997915195e-05
5.6266400002868976e-05
5.2568799998198304e-05
4.542739999919831e-05
4.220659999703003e-05
5.368920000137223e-05
4.001599999696737e-05
4.9837200003821634e-05
5.02557999993769e-05
5.3239399997551116e-05
4.264700000362609e-05
6.332300000053693e-05
5.706800000382373e-05
4.594699999813656e-05
4.4418799996037704e-05
5.0792600004001545e-05
4.658880000363297e-05
5.5984799999464485e-05
4.2071800001508565e-05
4.2967000001681296e-05
5.134139999825038e-05
5.9419000001526e-05
5.2435600002809225e-05
4.312020000156736e-05
4.70021999973369e-05
4.537899999945694e-05
5.334859999948094e-05
4.1941999992900494e-05
5.119319999948857e-05
5.339100000014696e-05
5.663780000304541e-05
5.352179999817963e-05
6.87011999985998e-05
5.2806400000804386e-05
5.455719999929443e-05
4.2050000001836454e-05
4.272040000046218e-05
6.146100000137267e-05
5.301939999924343e-05
5.776040000000648e-05
5.7989399996927206e-05
5.703480000249783e-05
5.288819999975658e-05
3.8762599996289285e-05
6.094659999575924e-05
5.363360000387729e-05
4.7213999997097746e-05
5.938259999993534e-05
6.969040000228687e-05
5.195260000334656e-05
7.625959999870701e-05
5.84304000000202e-05
7.787059999770918e-05
6.348980000154824e-05
8.489759999861236e-05
7.242880000433161e-05
6.893040000193196e-05
4.910920000043006e-05
5.7853199999158277e-05
8.081800000354633e-05
6.745999999964169e-05
7.166860000040742e-05
7.23697999973183e-05
6.607999999630465e-05
7.771940000225185e-05
9.495220000133031e-05
8.287040000141133e-05
6.291340000075252e-05
7.278959999723611e-05
7.103099999881124e-05
7.961480000062693e-05
9.822600000291004e-05
8.330379999677007e-05
7.852440000419847e-05
7.038999999906537e-05
7.66027999986818e-05
6.592500000124346e-05
9.47651999979371e-05
6.691980000255171e-05
0.00010613239999770485
6.57929999931639e-05
9.775339999862354e-05
7.184659999950326e-05
0.00010191560000123445
6.67464000059681e-05
8.952920000240283e-05
8.450120000134121e-05
7.027679999964676e-05
8.65498000024445e-05
6.665840000152912e-05
6.125639999652322e-05
5.966380000188565e-05
8.076219999963996e-05
8.917860000110523e-05
8.934100000033141e-05
7.36351999961471e-05
6.918299999938426e-05
6.962159999943652e-05
0.00010147140000071886
7.8374000003123e-05
9.265399999947022e-05
6.112160000100175e-05
8.039699999926598e-05
6.572500000174841e-05
8.495079999875088e-05
9.958799999765233e-05
7.348060000254009e-05
8.498200000133238e-05
6.482439999899725e-05
8.512059999929989e-05
6.914120000374168e-05
9.67144000043163e-05
8.585999999581873e-05
8.84231999975782e-05
0.00012199020000025484
7.04180000013821e-05
9.458859999824653e-05
8.318499999973027e-05
6.819360000349661e-05
8.357199999977638e-05
6.997640000463434e-05
8.959179999692423e-05
8.690960000024006e-05
8.36731999982021e-05
7.500920000325095e-05
8.849879999957011e-05
8.820079999907193e-05
0.00011673959999995987
7.41677999968715e-05
8.296279999910893e-05
0.00013923139999860723
9.224400000391597e-05
0.00011598680000020067
0.00010317380000515186
8.487919999708993e-05
0.00010910459999706746
0.0001183150000031219
0.00011034520000521297
0.0001366318000037836
0.00010751920000018345
0.00012411099999667385
9.93468000018538e-05
0.00010186359999977412
7.825819999993656e-05
0.0001368987999995852
0.00015426239999669634
0.0001437616000032449
0.00013661980000279073
0.00011289779999685834
0.00011785159999817551
0.00014034900000297056
0.00011568240000201513
0.00010838500000147633
0.00014706219999709446
0.00011917959999721006
0.00015092059999801676
0.00010012600000095518
0.00011066940000148406
0.00013120200000003024
9.450880000088091e-05
0.00011497779999558588
0.00011543040000390192
0.0001300922000069704
0.00011410519999515145
8.856100000116384e-05
0.00012761980000277617
0.00015152160000013736
0.00012829179999869212
0.00010205679999728546
9.30995999993911e-05
0.00010126099999752114
0.00010798520000037115
0.00010738380000248071
0.00013304340000388492
0.00012381139999888545
0.00010678079999877354
0.00011447140000200306
0.00011883779999948274
0.00011916200000143818
0.00010773619999895345
0.00010428180000019439
0.00015051379999704296
0.00011731600000359776
8.793479999837927e-05
0.00015820959999928163
0.00011931360000403402
0.0001364781999996012
0.00011293260000115879
0.00011687000000222269
0.00010138119999396622
0.00011042400000178531
9.529179999674397e-05
0.00013740759999905094
0.00010705980000409454
0.00012358780000454317
0.00011642620000031911
0.00013572679999640513
0.00012558359999559343
0.0001626903999977003
0.00010485819999814794
9.799960000123065e-05
0.00010447260000603364
0.0001395036000019445
0.00012874900000099388
0.00012856760000090617
0.00012795039999673462
0.00010746880000169767
0.00013573659999792652
0.0001284419999990405
0.00014736400000003869
0.0001298165999997991
0.00011003899999764143
0.00011811619999662071
0.00012637679999727425
0.00010378700000046592
0.00014313759999993181
0.00015914499999780674
0.00015185660000156532
0.00016327320000186774
0.00014702859999715656
0.0001236993999953029
0.0001738522000039211
0.0001345594000042638
0.00013665280000338954
0.0001607973999995238
0.00015640099999814083
0.0001586383999978125
0.0001490208000035409
0.00010577160000195818
0.000124102000000903
0.0001244281999930763
0.00015246860000104335
0.0001889758000004349
0.00014345159999891167
0.00013873340000145618
0.0001373665999977902
0.00012353800000255432
0.00015500080000379056
0.00013466759999403166
0.00018182720000652352
0.00011979639999992742
0.00012678460000188353
0.0001419563999974116
0.00015935639999895557
0.00018938080000054924
0.00013460479999878318
0.00021322119999638288
0.0002188439999969205
0.00014951440000459114
0.00014490419999617642
0.00022025340000197957
0.00022011500000189698
0.00017252980000250772
0.0002446441999978788
0.00018735019999951418
0.000195073399996204
0.0002660820000016884
0.0001870311999994101
0.00016726479999817911
0.00015886040000339107
0.00019809779999775402
0.00017613620000247465
0.00015542740000284994
0.00019628919999945538
0.0002027298000001565
0.00021858300000303642
0.00014861059999873305
0.00019646199999669988
0.00015472320000071705
0.0002104576000022007
0.00023776740000300834
0.00021533439999927851
0.00018209159999571511
0.0002290635999997903
0.00020717220000108228
0.00014035480000131883
0.00018571719999727065
0.00018518440000150349
0.00022664580000082425
0.00014195399999721302
0.00017370060000132526
0.00018633079999972325
0.00020301600000038889
0.0001680745999976807
0.0001891153999991957
0.00019195899999715493
0.00021560820000559032
0.0002445825999984663
0.00019530400000746794
0.000227222999998844
0.00016945860000419088
0.00018534520000343946
0.0001884997999979987
0.00022342279999634229
0.00013887140000292674
0.00017527100000336304
0.0002078241999953434
0.00015835759999731635
0.00015903000000037082
0.00012891739999929542
0.00020671759999686402
0.00014491100000100233
0.0001765358000056949
0.00016172960000346848
0.00019991119999929197
0.00016216980000081094
0.00024087960000258591
0.0001904945999967822
0.00013424980000422692
0.0002481147999986888
0.00021138319999920442
0.0001883063999997603
0.0001815386000004082
0.00021492279999790753
0.00022220819999745344
0.00024082760000112557
0.00023925820000272324
0.0001713708000011138
0.0002598379999994904
0.00018191680000256838
0.0002151767999976073
0.00032020060000093054
0.00025366179999934956
0.00027515840000091885
0.0002334613999977364
0.0002443710000022747
0.00032885899999826054
0.0002060032000031242
0.00027254519999644347
0.00022208219999981794
0.00023880560000009155
0.0001935991999999942
0.00020847919999766873
0.00019917140000131895
0.0002036195999977508
0.0001899646000026678
0.00020491279999816924
0.00022221300000353495
0.00023019380000448563
0.00017209920000027523
0.00019998279999811075
0.0002089361999992434
0.00017715199999486232
0.00026141099999676953
0.00020570140000018
0.0002418109999950957
0.0002480593999990788
0.00020648759999915002
0.00015685679999819513
0.00017231560000539048
0.0002517957999970122
0.00017569160000334704
0.00013773219999961838
0.00024771820000353274
0.00026253319999796075
0.0001912292000014304
0.0002074626000023727
0.00020464259999926072
0.0001912360000034141
0.00015683680000222466
0.000230252199997949
0.00029592580000041834
0.0002271836000034
0.00020057200000280772
0.0002766285999996398
0.00023015079999879617
0.00026543760000663497
0.000245808999997621
0.00016895759999897565
0.000226241799998661
0.0002218351999999868
0.00023582519999933992
0.00020806879999781813
0.00015060579999612856
0.00022783020000076702
0.00019320580000226073
0.0002657889999966301
0.000259754200004636
0.00017866800000092552
0.0003123700000003282
0.0002513601999993398
0.0002606798000016397
0.00019779619999837905
0.00033053359999826173
0.0003583243999997876
0.0003851924000031204
0.0002650585999987243
0.00030941860000268664
0.0002656575999992583
0.0001860264000015377
0.00023231600000030994
0.00029448399999978394
0.00021705900000199563
0.00021028260000264254
0.0002731440000019347
0.00021770660000299812
0.00022144759999775943
0.0003029166000033001
0.0003089359999989938
0.00026512239999760824
0.00023132340000415753
0.00034987199999534366
0.0003108494000002793
0.00022910399999602759
0.00028017919999854255
0.00028220620000070086
0.0002652521999976898
0.0003212525999998661
0.00036564959999907387
0.0003793165999979919
0.00024490560000458574
0.00030755580000345616
0.0003030365999990181
0.00032751059999895914
0.00034450440000455274
0.0002874923999996781
0.0002625839999979007
0.0002586610000037126
0.00028251280000120006
0.00025883340000234514
0.0002872810000013715
0.00035029540000550694
0.00040945980000230977
0.00037777340000388904
0.00027892600000143373
0.00026152459999480017
0.00034192539999935436
0.00032156479999514433
0.0003867225999954371
0.00027992680000181734
0.00033839939999893434
0.00034008700000356387
0.00033515939999233523
0.0002560587999994368
0.0003363486000012017
0.0002474058000018431
0.0003251196000036316
0.00026691000000198526
0.0003306872000024441
0.00040747379999857004
0.0002958327999976973
0.0002785310000007257
0.0002612801999987369
0.00021993159999453838
0.00035989600000050357
0.00035046120000288284
0.00040766519999806404
0.0004399855999992042
0.00032301519999862195
0.0002772034000003032
0.00038372739999488205
0.000274038199998472
0.0004255845999978192
0.00039228239999999914
0.00034778940000137484
0.00039697919999639455
0.00029757500000187064
0.0003959233999978551
0.0003043994000023531
0.0002775277999973014
0.00034230060000197684
0.00033129040000119404
0.00043917119999719033
0.00028706999999883465
0.0002706778000003851
0.00029137019999723177
0.0003771397999969395
0.00032725659999925937
0.00027704800000378783
0.0002873161999985996
0.00034845620000112376
0.0002582571999965921
0.00031500719999826287
0.00027924879999545736
0.0003020272000043178
0.0003826958000047398
0.0004794441999990795
0.0003560082000035436
0.0005239028000005419
0.0003468335999968986
0.0004017150000009906
0.0003510836000003792
0.0003398786000019527
0.0003153454000027978
0.0002479560000040237
0.00048738180000498235
0.0003409731999994392
0.0003063179999998056
0.0003940102000001389
0.0002695866000038905
0.0004192177999982505
0.0003944917999973541
0.000335866599996848
0.00047017800000048737
0.0003629843999988225
0.0004067535999951133
0.0005141479999934973
0.00035059500000329536
0.00036676679999914086
0.0005176970000007941
0.00046894500000007613
0.0003882886000013741
0.00031200859999671595
0.0003501483999968968
0.0003389700000013818
0.00041745540000022175
0.00037107979999859706
0.00038610860000289906
0.0004841681999977254
0.00043057199999907425
0.0003674048000021912
0.0003879208000029166
0.00032218259999865494
0.00036421180000161256
0.0003644749999978103
0.0004159943999951565
0.0004226189999997132
0.0003841570000020056
0.000424169399997254
0.0003745109999982787
0.0004176344000001109
0.0003533375999978716
0.0003716744000030303
0.00039672239999788417
0.0004088940000031016
0.0003420105999992984
0.00035472499999684716
0.0005413790000005747
0.00038294819999862284
0.00047073879999857125
0.00045933060000038497
0.0003420390000002271
0.0003741179999991573
0.0004024885999996286
0.0003434427999991385
0.0003126126000069007
0.00039506880000317324
0.0005979824000007739
0.0003147832000024664
0.0005350554000017382
0.0004353727999983903
0.0004657605999994985
0.00041797959999883004
0.00046304380000208314
0.00042196559999752026
0.0004299828000000616
0.0004762750000026017
0.00043069620000437683
0.00027947100000460525
0.00029148160000147527
0.0003006349999992608
0.00041041499999892037
0.00028790700000342896
0.0004053730000038058
0.00037811540000234347
0.0005329031999991684
0.000410226200000352
0.0003731080000022757
0.0004701264000004812
0.0002629964000021801
0.000332339200002707
0.0002886518000053684
0.00044703020000156355
0.0004586904000035474
0.00045220460000052756
0.00047757500000500386
0.00043147320000400666
0.0005313472000011643
0.0003393561999985195
0.0004755972000054953
0.0003786008000020047
0.0004169366000013497
0.0004248482000065223
0.000518232199999602
0.0003912614000000758
0.0006259325999991461
0.0004437796000019034
0.0004013366000009455
0.0009071069999976089
0.000434402400000522
0.0005767079999998259
0.0005292964000005896
0.0006726081999971712
0.0005389531999981046
0.000470418999998401
0.0005048168000030273
0.0004842128000007051
0.0005648046000032991
0.0005741604000007783
0.0004452458000031356
0.00044511439999723735
0.00040134260000002087
0.00048586519999958
0.0004366780000026438
0.00039763559999812516
0.0006482419999969125
0.0003449381999956813
0.0005547721999988653
0.00043346559999690726
0.00036917379999579225
0.00048105599999814785
0.0006000723999960656
0.0008202400000016042
0.000472122200000058
0.0005759077999982765
0.0005597750000021051
0.00031608559999938277
0.0003596825999977682
0.0004949001999989377
0.0004963841999995111
0.00039173220000066067
0.00045151860000203214
0.0005592656000004582
0.0004675296000073104
0.00046953979999670993
0.0006249692000011465
0.0004121130000015683
0.00041546319999952175
0.0003295093999980736
0.0004885086000030014
0.0004590841999970507
0.0005529652000063834
0.0005553889999987405
0.0005058453999964741
0.0005180956000003789
0.0005538043999962384
0.00047191360000056195
0.0006573416000009047
0.0005492090000018379
0.0005564334000013105
0.0003470434000007572
0.0006718820000003234
0.0004362718000010091
0.00043530680000287704
0.0004181943999981286
0.0005171787999955768
0.000569120800000178
0.0004817966000018714
0.0005235063999975865
0.0004736063999985163
0.0004292560000010326
0.0005140803999978516
0.0004664751999968075
0.0005065107999996599
0.0005208302000028198
0.0005924700000008443
0.0008292154000002939
0.0004963954000004378
0.0004797211999971296
0.0005823771999985183
0.0005420200000003205
0.0004685178000045198
0.0005685368000001745
0.0004520506000005753
0.0006232325999974364
0.0006890897999994649
0.0005770486000017172
0.0005886295999999902
0.0006212088000040694
0.0005601628000050596
0.0006049984000014774
0.00044286280000278567
0.00043690419999791174
0.0002961723999987953
0.0005042123999970727
0.00047827320000237705
0.0004832882000016525
0.0003995956000011347
0.0005362949999977218
0.0007005802000008999
0.0008230099999963159
0.0006741906000002018
0.0004791392000015549
0.0005937517999996089
0.0007810428000055936
0.00044134040000187724
0.0006004482000037115
0.0002941368000023203
0.0004660964000038348
0.0003828104000035637
0.0004187657999978001
0.0005054792000009911
0.0005796603999982608
0.0009352985999981911
0.00040373060000433727
0.0005043286000017133
0.0005208770000024287
0.0005381837999976824
0.0006066785999962576
0.0004484223999980941
0.0007965732000030812
0.0005377179999982218
0.0004867917999945348
0.0005138200000004645
0.0005870545999982823
0.0005121223999992707
0.00045074819999797456
0.0005727048000039759
0.000622541999999271
0.0005734539999963318
0.0006476808000002165
0.0006494178000025386
0.0005256586000001561
0.0006965281999981698
0.00043058020000330544
0.00044152940000117267
0.0005173728000016809
0.0005522890000008828
0.0006467718000010336
0.0006254753999996865
0.0005711652000002232
0.0007504449999998997
0.0006165673999959153
0.00038880300000130317
0.0005922368000028655
0.00043242140000074867
0.0006699333999961255
0.0006402710000003254
0.0005475207999978693
0.0005596354000033443
0.0005322010000014643
0.0003435940000002802
0.0005970613999977559
0.0006771724000003588
0.0004288344000030975
0.0007939547999995967
0.000482016399999452
0.0005324129999991101
0.00045679360000008276
0.0004998587999978099
0.0005527093999972976
0.0005709671999994725
0.00047136839999950553
0.0006554865999987669
0.0005312525999983109
0.0003929238000011992
0.0005955805999974473
0.0008078612000019803
0.0007843789999981254
0.00045195959999375643
0.0007356911999977456
0.0004598605999944994
0.00072683920000145
0.0004449287999989338
0.0006740282000038178
0.0007235067999999956
0.0006004842000010058
0.000643060799998807
0.0008138097999989214
0.0006581753999967077
0.0005840526000071122
0.0006088252000012063
0.0004899002000001929
0.0005838836000009451
0.0008522810000044956
0.0005948858000039081
0.0009034042000024556
0.0006569759999962343
0.0007377355999977908
0.0005665714000002708
0.000716307600001187
0.0007738428000038766
0.0006575581999982205
0.0005313173999979881
0.0006127977999994983
0.0007513246000030449
0.0007170033999955195
0.0005498692000003302
0.0007205423999977256
0.0010009429999996654
0.0008716421999992007
0.0007331445999994912
0.0008044200000000501
0.0007981843999999682
0.0005953457999993361
0.0006346103999931074
0.0006454930000018066
0.0007939211999968166
0.0007827112000029501
0.0007251241999995273
0.0006470948000014687
0.0005837982000031161
0.0008149487999986604
0.0006944188000005625
0.0007512865999956375
0.0006187750000037795
0.0007918671999988192
0.0006239521999958697
0.0008191603999989638
0.0007500585999963505
0.0006090738000040119
0.0006086413999980778
0.0007183539999999766
0.0006603145999974913
0.0007832817999997132
0.0007297265999966385
0.0006652830000035692
0.0005998024000035684
0.0007752196000041067
0.0009792572000009159
0.0006064581999993379
0.0008179347999998754
0.0008061537999935808
0.000440473799997676
0.0005652023999971334
0.0007705461999989894
0.0005816579999986971
0.0006604033999991543
0.0006390630000026931
0.000672051199995849
0.0007668089999981476
0.0008946734000033985
0.0007649919999977329
0.0007599357999936273
0.0009623275999956604
0.0008037098000045262
0.0007975866000009546
0.0009563884000016287
0.0006998111999962475
0.0007157248000027039
0.0008416307999993932
0.0008065834000035466
0.0008890543999996225
0.0007563836000031188
0.0007206288000020322
0.0008987431999997852
0.0007475946000027988
0.0010449654000069587
0.0007199263999979166
0.0006837009999998145
0.0008201440000021876
0.0009109765999994579
0.000598433000001819
0.0009459694000042874
0.0008055487999968136
0.0007062666000052786
0.0006079048000003695
0.0007972854000001916
0.0005558025999988558
0.0007942802000002302
0.0006498179999937292
0.0007585643999988179
0.000748946200002365
