5.803333332702702e-07
4.4513333108398e-07
9.202000005833118e-07
9.849999993131557e-07
1.2583999999075484e-06
1.5709333339941623e-06
1.811466666386726e-06
2.181066666651077e-06
2.4963999990745834e-06
2.8694000008044895e-06
3.2341999992506015e-06
3.6167999994063394e-06
4.116933333383107e-06
4.529866666776646e-06
4.968800000900349e-06
5.539466666940977e-06
5.9550666676955185e-06
6.465533332781585e-06
7.352333332732996e-06
7.571266665706844e-06
8.338333333313131e-06
8.989466666283382e-06
9.925599998439339e-06
1.076126666627412e-05
1.1174866667336877e-05
1.1813666666663873e-05
1.2624333332666993e-05
1.3823600000743379e-05
1.4806333333202322e-05
1.495493333294462e-05
1.5747400000047188e-05
1.780906666605612e-05
1.7271199999887207e-05
1.8071200001183265e-05
1.9174666666780617e-05
1.997500000072705e-05
2.0794866667965076e-05
2.2051600000357516e-05
2.278400000079728e-05
2.3807933333822955e-05
2.4982600000574468e-05
2.5853400000149426e-05
2.9114333334708437e-05
3.275219999920864e-05
3.33659333340582e-05
4.995706666619526e-05
5.050760000055258e-05
5.314979999961149e-05
4.971406666669509e-05
5.305639999922581e-05
5.692126666663929e-05
4.593426666730238e-05
3.785353333398689e-05
3.935566666749916e-05
4.038493333429945e-05
4.556100000030483e-05
4.472833333295512e-05
4.8035466665889244e-05
5.0156133334648226e-05
5.159546666580657e-05
5.383420000034297e-05
5.458593333287354e-05
5.519706666585004e-05
6.692833333327523e-05
9.771373333412233e-05
7.030666666594244e-05
6.840126666673996e-05
6.442879999989752e-05
6.48542666676614e-05
9.138113333240956e-05
9.038140000114936e-05
7.626766666769905e-05
7.892066666765155e-05
8.565679999890108e-05
8.381273333431712e-05
7.902046666667199e-05
8.394840000107706e-05
8.130020000104801e-05
8.746693333373893e-05
9.224933333342732e-05
9.167833333378894e-05
9.660940000012866e-05
9.856919999956896e-05
9.97673333335077e-05
0.0001003218666663012
0.00010462120000056529
0.00010536420000022418
0.00010542246666697489
0.0001033802000004395
0.00010719580000018898
0.00010543919999908743
0.00010409186666843576
0.00011539986666662117
0.000110594333333817
0.00011015540000016699
0.00011406006666684713
0.00011066246666520858
0.0001178444666659099
0.00011413659999940744
0.00011364180000110007
0.00012473706666658776
0.00011806766666637714
0.00011961180000052233
0.00012743133333306862
0.0001358191999997871
0.0001323671999993318
0.00013889186666726043
0.00015009919999897647
0.00014132386666716458
0.00014517419999909482
0.00014379913333328886
0.00016176199999904384
0.00016610693333376502
0.00017523493333347536
0.0001784584666661241
0.00022469960000156183
0.0001811522000001749
0.00020412486666666988
0.0001801936666661656
0.00022546293333221002
0.00018960013333402988
0.0001934144000008094
0.00019803353333334902
0.00021850759999940313
0.00022001686666518102
0.0002011394666681099
0.00020332613333332952
0.00019953400000124097
0.00020161933333326943
0.00019586553333160358
0.0001939864666681501
0.0002008055333329632
0.00019728993333340366
0.00019707006666654556
0.00020568886666675704
0.0002089434000022076
0.00022216186666668136
0.00023768206666640405
0.00024412426666723755
0.00029088713333322855
0.000268584400000312
0.0002507782666654634
0.00027324866666589287
0.0002539482666672181
0.00024338279999985463
0.00023476973333297718
0.0002373855333326939
0.00023377319999913956
0.0002520022666658406
0.0002657745333337402
0.00027600186666632
0.0002880124666674533
0.0002694321999986945
0.0002761398666663695
0.0002710950000003246
0.00026584393333308756
0.00027176279999849837
0.0002756230666681366
0.000277964133334289
0.00028554486666697206
0.00029230806666570667
0.0003409934000008737
0.0004073794000002332
0.00038652553333330767
0.0003453722000003268
0.00034970646666702504
0.00032941980000013397
0.0003247332000000824
0.00031578640000020643
0.00032258146666682325
0.0003387603999996713
0.00035975679999798634
0.00032709093333380677
0.00033637819999986126
0.0003434411999999535
0.0003322608000009571
0.0003538821999995889
0.0003671060666685359
0.00036434566666609193
0.0003892540666655009
0.0004416459999992147
0.0004256312666673997
0.0004460457333332594
0.0004240409999989462
0.0004326636000001827
0.0004358562000002545
0.0004108270666662861
0.000393706333333436
0.0004022105333338762
0.0004011519333327366
0.00044253406666664813
0.00048707706666656727
0.0004911791999991995
0.0004546661999995649
0.0004652477333327928
0.0004378171333333588
0.00044115993333283164
0.0004435094000006264
0.0004875109333326577
0.0006732068666664759
0.0005960101333333986
0.0005335252666673303
0.0005342476000000337
0.0005195342666667102
0.0005047062666667065
0.0005003010666660164
0.000515594866666902
0.0005517180666657851
0.0006097046000003085
0.0005653678000006342
0.0005211437999998717
0.0005061406666688602
0.0005224967999993169
0.0005434454666688756
0.0005179369999988618
0.0005000281333328378
0.0005007622666672281
0.0005204125999995312
0.0005924529333327655
0.0006372399333315571
0.0006467604000003273
0.0006380734000013415
0.0005958367333325517
0.0005666828666666864
0.0005666722666669936
0.0005934352000006508
0.0006684877999996767
0.0006734121333342576
0.0005936376000022392
0.0005636677333323329
0.0006209173333341293
0.0006185791999996582
0.0005857237333335281
0.0005529479999997496
0.0005938457333324247
0.0006262438666662244
0.0006035474000005554
0.0005972221333346776
0.0006464109333326936
0.0006984918666660178
0.0007557314000005514
0.0007563974666652485
0.0007152083333333318
0.0006759306666670758
0.0006690461333344425
0.0006888739333334115
0.0008122431333324206
0.0007393189333356531
0.0007072391999988288
0.0006815019999995305
0.0006898450666663318
0.0008360380000018116
0.0008393457999981516
0.0008204536000003297
0.0007667395333309439
0.0007237628666644014
0.000750514066667544
0.0008696752666660738
0.0008784894666670576
0.0007638983333312884
0.0007441567333340041
0.0008030290666662647
0.0007717900666676769
0.0007164840666642173
0.000703437333332128
0.0007377798666671727
0.0008607100000015559
0.0009823964000001222
0.0008674037999999958
0.000908719399999806
0.0008256354000025113
0.0007810172000015807
0.0008454957999958878
0.0009643874666636521
0.0010141923999981372
0.0008879797999981065
0.0008547750666641226
0.0009004566666656425
0.0010619899333316122
0.0009808772666654402
0.0009561599333342959
0.000933898800000558
0.0010331865999972933
0.0010622520666657919
0.0009583613999988454
0.0009747898666650675
0.0010133798000017198
0.001158601533331686
0.0010124152000022
0.0009446601999997028
0.0009685851333320745
0.001087125599999202
0.0010199245333315807
0.000995611333334523
0.0011325745333332785
0.0010943611333345872
0.0011004939333323213
0.001089250933333119
0.001199288133334638
0.0013021325333350358
0.0011455946000002845
0.001124729999999848
0.0011749667333314543
0.0013769509333315
0.0012080389333325077
0.0011709947333334487
0.0011912105333332572
0.0011436035333304063
0.001184627133334478
0.0011681560666697048
0.0012061140666673963
0.0011596557333367248
0.0013153276666666139
0.0012190171333325377
0.001138575799997928
0.001094751400001807
0.0012590429999998303
0.0012271677333321426
0.0011235268666666797
0.0011196547333327089
0.0013236050666677102
0.0013097970000008749
0.0011501246000004055
0.0011464086666639636
0.0014104439333351593
0.0013882653999975976
0.0012269594666671916
0.0011389212000030588
0.001305932866667566
0.0014222310666667682
0.0012993213999995608
0.0012532861333340861
0.0012535296666669638
0.0013723919333311111
0.0012620613333316063
0.0012999441333325498
0.0012438975333319982
0.0013499070666673182
0.0014104285999991361
0.0014155727333331925
0.0013239247333321675
0.0013258561333335213
0.0015457736666661503
0.0013187878000015492
0.001266689200000807
0.00161926299999872
0.0014697692000017544
0.001349436466666513
0.001494361133333655
0.0017276717999986128
0.0015028494666665892
0.0013949023333348501
0.0016429828666645109
0.0015963486666682532
0.0015000017333335336
0.0014284949333339607
0.0015554724666666667
0.0014582314666682806
0.0014352776000000251
0.0017880328666658822
0.001585324466664891
0.0015488405999983948
0.0017116598000020153
0.001499227266666973
0.0016729872000003827
0.001627447666666626
0.0015348217999985535
0.0017917512666684842
0.0016837060000009765
0.0015153309999988095
0.0017589284000024464
0.0015881180666677134
0.0015856800000022986
0.001468795799995822
0.0017938446666685573
0.001646194333336363
0.0016418764000017442
0.001855941466668772
0.001759532066668612
0.0019148186000014296
0.001883859333336583
0.0017479716000015817
0.0019834777333339088
0.001708347999997765
0.0018859974666677697
0.0017776199999976446
0.0016998604666639493
0.0018765416666686483
0.0018454247999992882
0.001691883333334469
0.0019082843333327068
0.0017065654666671055
0.002140486333333532
0.0018686413999972728
0.0018539148666671206
0.0020994840000004918
0.0018798982666671312
0.002106810266666533
0.001873141066667472
0.0020724087333339487
0.0018322975999997956
0.0019085400666644622
0.0019460064666636375
0.0018103317333327596
0.0018570188000012421
0.001902675866667399
0.0018075357333344755
0.0017555135999998584
0.001997921199999079
0.001741654733333083
0.0017936343999991778
0.0019100031333323386
0.002139655600001333
0.002029613600003207
0.0022313455333327664
0.0020367878000011313
0.0023052102666658433
0.0019395917999995996
0.0021367103333346906
0.0020576837333313356
0.0019082256666649755
0.0023458463333345964
0.002044952133334732
0.0019657686666657054
0.002185014600000083
0.0022571594666667733
0.0020443305333325648
0.002371981666666064
0.0021376345333341835
0.0020047691333350787
0.002375456599997013
0.002146432266666428
0.002330843666667685
0.0019883251333321066
0.0019500346666670035
0.002030876866664736
0.0022764730666655925
0.0021346280666667402
0.002226827066668117
0.00229548593333296
0.0021873677333341373
0.0021442020666673518
0.0023519409999986844
0.0024649011999978636
0.002455671599998747
0.0023553637333331304
0.0025642659333347715
0.002290049866667232
0.0024723121333314188
0.002260942066665924
0.002402999466666718
0.0025964372000004234
0.002321122933332731
0.002499061666665625
0.002675707533334541
0.00253629960000031
0.002407240333333978
0.0025214570666652965
0.0026850376000008207
0.0025188122000021924
0.0025437879333329266
0.0024527409333349698
0.0023771931999978808
0.0025493702666693706
0.0022402652000001427
0.0023639168000007277
0.0024652818000011696
0.0023916843999993867
0.0023590203999987124
0.0027250300000019934
0.002632026066665579
0.0028108523333334762
0.002791205133334529
0.0026010319999973794
0.0028030208000008844
0.002503555866669179
0.002616833000000914
0.0029312475999991724
0.002835908933333068
0.002811794333333258
0.0029518001333353064
0.0028684442666682725
0.002807308133332261
0.002773814799999741
0.0027894226666679363
0.002818656266668995
0.002552695066665933
0.002553907466666298
0.0027971284000007776
0.002607192666665507
0.002533262000001931
0.002784083600002418
0.0025950185333319573
0.003016661533332391
0.003014322066665424
0.0030893474666650413
0.0032137714666684285
0.0030254879333341477
0.0034325219999980544
0.003272375333331941
0.0032282702666653527
0.0031840644000027396
0.0034268421999977742
0.0031606241999980965
0.0034371026666671395
0.0032282906666665665
0.0032318350000016
0.003235856933331623
0.003183324799998862
0.0031332475999988675
0.002691184800001641
0.0028064150000005838
0.0032389226000011226
0.003086553133333799
0.003204601399999281
0.0032931386666660957
0.0031629249333311312
0.003326883333336165
0.003578439133333215
0.0031718823999985564
0.003308669066665478
0.0034399249333337896
0.0034438864666640257
0.0033196294666690087
0.00325278786666748
0.0032734967333330665
0.003237622333332979
0.003433802333332399
0.003518530533331917
0.003203636200000422
0.0032716637999982367
0.0030648854000029737
0.0034784950666704615
0.0035013335333341426
0.0033796854666671076
0.0035125313333348156
0.0035531709333326946
0.003467141533331149
0.0036185623333333675
0.0036131052000011247
0.0033080841333315903
0.003384024599999217
0.0033647993333336974
0.0036671786666649573
0.003389297600000418
0.003472566800001194
0.0038223143333330728
0.0038493469333332085
0.0036885916666657675
0.003527386333334448
0.0037022788000001584
0.0035061222666683987
0.0037532672666657162
0.0037392027333320735
0.0037186971333322085
0.0038412723333361024
0.0038853496000011015
0.004045530466666491
0.003942346466664996
0.003923536066667074
0.003906353200003802
0.0036417407333326915
0.003905819199998935
0.003985953733330424
0.003915409999999042
0.003912905466664066
0.00365570806666445
0.0037220167333335513
0.003662016399998909
0.003975114599999567
0.003804995066665621
0.004169922000000762
0.004098743933333064
0.004141977666669542
0.004180427133332879
0.004020974666665704
0.0036678974000011523
0.004056321466668085
0.004254337133333289
0.00409063606666488
0.004110312399996967
0.0037131522666650576
0.003929781266668897
0.0036813282666694628
0.003934563733332652
0.00411916286666667
0.004355415666664916
0.004291579466666917
0.004323024866669319
0.00422389013333202
0.0043946905999983224
0.004194629133332721
0.0044676215333301645
0.00428397586666828
0.004075416600000873
0.004330360533332586
0.0039664342000008904
0.00375578113333385
0.004122584400003386
0.0042067085333314935
