5.459999999998799e-07
3.0579999999909754e-07
1.0252000000002259e-06
1.197333333333624e-06
2.689999999999637e-06
2.687866666665576e-06
3.3066666666659954e-06
2.978066666667334e-06
3.6840666666662634e-06
4.338000000000027e-06
4.661733333332733e-06
5.660000000001312e-06
6.4051999999995e-06
6.669600000000034e-06
7.787533333331968e-06
8.436066666666723e-06
9.140200000000894e-06
8.809200000000258e-06
1.3666466666667487e-05
1.1907666666668055e-05
1.1507599999999637e-05
1.284540000000047e-05
1.327780000000047e-05
1.3080666666666814e-05
1.3474066666666987e-05
1.859419999999806e-05
1.5202599999999955e-05
1.6888799999999668e-05
1.7365400000000455e-05
2.257786666666576e-05
1.9554399999999658e-05
1.990579999999927e-05
2.2378533333331876e-05
2.958466666666687e-05
2.554273333333218e-05
2.591766666666754e-05
2.8917200000000422e-05
3.154893333333399e-05
2.9144999999999403e-05
3.7190066666667e-05
3.241393333333296e-05
4.674393333333332e-05
3.4759999999999884e-05
3.1680533333332726e-05
4.0309266666665546e-05
3.315393333333481e-05
3.91090666666663e-05
3.29145333333299e-05
4.2861533333336345e-05
5.264426666666637e-05
5.28645999999966e-05
6.0168933333330324e-05
5.406640000000055e-05
4.8478399999996964e-05
4.2907866666664725e-05
4.189186666666474e-05
4.8554400000001366e-05
4.793440000000112e-05
4.475393333333392e-05
5.0968133333332646e-05
6.839593333333449e-05
5.032673333333256e-05
4.447700000000203e-05
4.4202999999998215e-05
5.078739999999915e-05
4.731079999999999e-05
5.1759733333331394e-05
5.305540000000071e-05
6.351059999999964e-05
5.502533333333337e-05
5.20914666666659e-05
5.176279999999922e-05
5.0987866666666694e-05
6.211206666666506e-05
5.822366666666708e-05
5.7679599999999054e-05
5.892946666666473e-05
5.9143600000000075e-05
6.022080000000022e-05
6.22883333333324e-05
6.228453333333717e-05
6.093019999999875e-05
7.208506666666614e-05
7.313453333333368e-05
8.252599999999758e-05
9.196460000000055e-05
9.384740000000039e-05
7.765546666666697e-05
9.49902666666678e-05
7.150833333333476e-05
6.907126666666671e-05
7.171653333333158e-05
8.601753333333518e-05
7.380413333333373e-05
8.681993333333286e-05
7.616826666666613e-05
7.617306666666545e-05
7.471553333333232e-05
8.13487333333344e-05
8.865233333333334e-05
8.619766666666529e-05
8.956613333333344e-05
7.838286666666805e-05
8.962639999999892e-05
9.871773333333204e-05
8.451593333333637e-05
9.311819999999749e-05
8.930600000000195e-05
9.23185333333317e-05
9.899873333333124e-05
0.00010087226666667022
9.522140000000438e-05
9.709220000000036e-05
9.331753333333507e-05
9.06441333333378e-05
9.77016666666719e-05
9.206486666666902e-05
0.0001367651999999997
0.0001060708666666632
9.958939999999971e-05
0.0001033713999999982
0.00011370080000000319
0.00011090799999999846
0.00015234499999999446
0.00010661546666666891
0.00012195206666667142
0.00010888093333333479
0.00014292253333333393
0.00011423013333333546
0.00011275273333333964
0.00010893406666666605
0.00011609240000000076
0.00010945553333332839
0.00011855919999999946
0.00011638660000000134
0.00012440206666666415
0.0001241225333333318
0.00012279639999999888
0.00011003593333333747
0.00011277346666666762
0.00012258179999999897
0.00012409013333334145
0.00011293393333333679
0.00011846506666666386
0.000123235599999999
0.00012859753333333186
0.00011834586666666554
0.00011976686666666329
0.000146036666666662
0.00013530786666666924
0.00013084820000000368
0.00013653706666666432
0.0001621149333333294
0.0001301372666666652
0.00016062173333332894
0.00014477046666666604
0.00013203833333333043
0.00019838986666666502
0.00013820386666666223
0.00014686726666667075
0.000167018200000002
0.00015338993333333106
0.00013995839999999908
0.0001470992666666689
0.00014585593333333498
0.0001650733999999987
0.00014929500000000485
0.00013998213333333472
0.00014243399999999128
0.00014839253333333766
0.00015377499999999304
0.00017925433333332668
0.00018924606666665585
0.0001521125333333336
0.000154265266666657
0.0001764672666666652
0.00017372539999999475
0.0001536607333333384
0.00015602406666666754
0.00015376659999999004
0.00015083786666666432
0.00015830160000000296
0.00015226933333333618
0.00016088239999999162
0.00017792560000000622
0.00015442553333333553
0.00015203380000000283
0.0001731699333333392
0.0001775923333333281
0.00020470046666666298
0.00020725000000000328
0.00018748726666666752
0.0001629171999999975
0.00021008960000000742
0.00018371160000001016
0.00018669613333332686
0.00018083993333333214
0.00017198953333333507
0.0001979007999999875
0.00017852206666666795
0.0001720408000000025
0.00017494600000001286
0.00018776886666667844
0.0001919981333333302
0.00016708926666667936
0.0001972118666666578
0.00022585793333333622
0.0002009259333333439
0.00019073819999999945
0.00019168146666667478
0.00020420893333333116
0.00019591653333332902
0.0001785150666666735
0.00017195093333332762
0.00020651553333334016
0.00018244606666666756
0.00019762873333332894
0.00021163413333333085
0.0002094497333333371
0.0002136390000000025
0.00019848686666667318
0.00023977126666665887
0.00027032479999999914
0.00022044919999998728
0.00026714333333332694
0.0002086066000000016
0.0002539329999999988
0.0002413519333333447
0.00020259459999999823
0.00024803146666666496
0.00023326080000000507
0.0002281588666666723
0.0002131861999999966
0.000212210599999992
0.00023140939999999704
0.00023575319999999956
0.00022091633333333195
0.00021195766666666597
0.0002209964000000027
0.0002484307333333343
0.0002515840666666658
0.00027060446666667587
0.0002583140000000002
0.0003415552666666525
0.00035410640000001307
0.000308377066666643
0.00029214813333335125
0.0002485346666666555
0.00023897406666666398
0.00028955386666666233
0.0002779639333333398
0.00023473079999999
0.00023716453333333387
0.00023938099999999777
0.00026067773333333656
0.00024280199999999753
0.0002430931333333201
0.00023275160000001775
0.0002573301999999907
0.00026435293333334126
0.00024002013333332962
0.00025048446666668206
0.0002771013999999905
0.0002897989333333332
0.00025503760000000764
0.0003032945333333389
0.0002841283333333407
0.00027463653333332784
0.0002531763333333418
0.00030352286666666115
0.00025884699999999906
0.00023762626666668692
0.00023969353333332943
0.00023968993333334243
0.00028264526666666644
0.0002489133999999874
0.00026751073333333155
0.00026662346666668225
0.0002925709333333396
0.00030758266666666885
0.0003527401999999791
0.0003033819333333317
0.0002976720666666655
0.00026670273333332756
0.00027224439999999904
0.00031483520000000393
0.0002927150666666896
0.00027203193333333135
0.00028016413333333825
0.0002716171333333239
0.0002776978666666411
0.00028044726666667243
0.0003012793999999837
0.0003124785333333084
0.0003689688666666413
0.00034826113333332744
0.00032146206666664086
0.00033785920000000135
0.0002829161333333478
0.0003219253999999857
0.0002901563333333431
0.0002956043999999899
0.00029239639999999824
0.00029720699999999194
0.00028936866666668206
0.0003127060666666829
0.0003054449333333098
0.00035892540000001343
0.00031956173333331784
0.00035399359999999845
0.000368300999999982
0.00032196173333334983
0.00032191133333333194
0.00033661973333335056
0.00038275226666666383
0.0003229792666666823
0.00031407599999998904
0.0003055516666666739
0.0003121083999999996
0.0003343456000000078
0.00037231539999998584
0.0004025249999999758
0.0004254912666666888
0.00037664026666667607
0.00036015893333335067
0.00032750353333333614
0.00033995719999999616
0.0003529503999999776
0.0003494749999999917
0.0003477460666666543
0.0003529924000000036
0.00036934273333334066
0.00041612026666666414
0.0004009298666666587
0.0005079858666666641
0.0004196799333333316
0.0003823527999999928
0.00036546613333332534
0.000321300799999998
0.00035319826666665814
0.00036877733333332924
0.0003468521333333345
0.0003489137333333373
0.0004162214666666664
0.0003899133999999934
0.0003511455999999876
0.0004131087333333413
0.00038251693333332486
0.00039420920000002486
0.0003969829333332934
0.0003861216000000075
0.0004608197999999971
0.00043783426666667383
0.00040197873333334874
0.00041743599999994886
0.0004518698000000043
0.00039713733333332317
0.0003687185333333935
0.00037134233333334284
0.00038583099999998834
0.000389754733333314
0.00036743893333334533
0.0003717562000000581
0.00036562973333333917
0.000473780733333351
0.0004776992666666609
0.00041886340000001353
0.00044993619999999325
0.000433584666666705
0.0003655347999999818
0.0003936503999999748
0.0003912795333333256
0.0004072816666666886
0.00037327313333331463
0.0003700885999999848
0.00034653506666660526
0.0003875471333333547
0.00040658826666666313
0.0004482161999999512
0.00047106693333335653
0.000461122733333319
0.00041066039999996623
0.00041636239999996624
0.00039832613333333396
0.00040598193333331404
0.0003741294666666247
0.00044123473333336586
0.0003940332666666861
0.00035648946666667257
0.00035989866666665075
0.00039527679999999953
0.0004596502666666336
0.0005633646666666437
0.00042867873333335047
0.00048170940000000033
0.00039146266666665317
0.0004452526666666845
0.0004107178666666655
0.0004298942666667009
0.0004093298000000208
0.00042142833333332536
0.0004068587333333262
0.0004974149333333658
0.0005359788666666828
0.00048621093333331975
0.0005078137333333288
0.00044050893333332414
0.00048623633333336376
0.00042089446666664364
0.0004713572000000147
0.00047629986666667773
0.0004358067333333141
0.0004274611333333548
0.00041164586666663595
0.00044898706666665806
0.00047239199999998447
0.0005187063333333075
0.0005279325999999992
0.0005035566666666824
0.0004810462666667033
0.0004976175999999999
0.00043655093333336834
0.00046119666666662634
0.00044766019999998484
0.0004271819333333315
0.00042855839999999347
0.00044409226666666986
0.0004597770666666593
0.0006048385333333517
0.0004942395333333553
0.0004462327999999793
0.00048483500000000567
0.00043811873333335545
0.0005235954000000209
0.0004651209333333295
0.00041151460000000327
0.00043338420000001615
0.00043720226666668085
0.00045597606666660797
0.0005532701999999852
0.0005149915999999995
0.0004835267999999893
0.0005060817333333449
0.0004582498666666268
0.0004732165333333279
0.0004293377999999996
0.00045939473333332556
0.00047909759999999283
0.0004747184666666756
0.0005540555333333271
0.000553875599999983
0.0005748869333333258
0.000524966266666708
0.0004878161333333519
0.00044909166666666777
0.00048073873333329684
0.0004435255333333554
0.0004840996666666708
0.0004542127333333775
0.00044765560000003347
0.00048109973333329374
0.0005612105333333635
0.0005639713333332796
0.0005533744666666784
0.0004810826000000231
0.0005190067333333529
0.0005001161333332948
0.00047132486666665583
0.0005170729333332958
0.0005446713999999927
0.0005934022000000223
0.000646760866666618
0.0005274508666666567
0.0005755461333333341
0.0005167037999999735
0.00048710073333335657
0.0005041239999999873
0.00048311320000005153
0.0005131224000000027
0.0004727635999999554
0.0004455410666666696
0.000593061799999924
0.0006653691333332527
0.0005969588666666563
0.0006096644000000022
0.0005143953999999933
0.0005492970000000301
0.0005739644000000747
0.0005613472666666712
0.0005083360666666259
0.0005560238666666884
0.0006576732666665919
0.0005953662000000175
0.0006401769999999789
0.0005492639999999938
0.0006694487333333517
0.000518366533333392
0.0005880558000000314
0.0006264876666667085
0.0005696754666666711
0.0007102078666666974
0.0006801985333332835
0.0005807474666667052
0.0005655601999999446
0.0005401349333334397
0.0006019178666667753
0.0006783727333333248
0.0005932485999999848
0.0006301722000000491
0.0006293205333332885
0.0005947935333333376
0.0005702910666666838
0.0005385601999999897
0.0005503940666666077
0.0006220265333332975
0.0006797885333333475
0.0006812027333332675
0.0006127341333334554
0.000548509066666547
0.0005702154666667052
0.0005178790666666266
0.0005618923333332582
0.0005896038666666807
0.0006524734000000384
0.0006671633333332909
0.0006053467333333747
0.0006061032666666873
0.0006010921999999159
0.0005456300000000524
0.0005536268666667195
0.0005949532666667424
0.000716469333333336
0.0006683054666667114
0.0005921947999999529
0.0005685082666666712
0.0006153674000000109
0.0005719131333333275
0.0006106795333333952
0.0007527271999999918
0.000675078066666727
0.0006431778666667221
0.0006278136000000008
0.0006172307333333294
0.0006202883333333927
0.0006093274666666796
0.0007342573333333213
0.0007144737999999447
0.0006664607333333924
0.0006418258666667083
0.0006075923333333992
0.0005751624666666603
0.0005922440666667583
0.0006075723333334022
0.0007145112000000194
0.0006922732666667801
0.0006597658000000154
0.0006242656666666531
0.0006002181333334041
0.0006191218666666387
0.0006117066666665968
0.0006813336000000152
0.0007140563333332869
0.0005900804666666796
0.0005982479333333402
0.0005826293333333806
0.0005883316666666379
0.0006167547333332616
0.0006936168666666021
0.0007340662000000424
0.0007058748666666226
0.0006273778666666156
0.0006315816666666289
0.0006025998666666273
0.0005683131999999406
0.00063819340000002
0.0007197765333332385
0.0007178419333333963
0.0006303261333333291
0.0006130906000000694
0.000570469200000101
0.0005904103333333429
0.0006134068666666733
0.0007403157333332781
0.0007452430000000435
0.000706708799999974
0.0006746426000000009
0.0006483760000000653
0.0006532500000000496
0.0006780040666666191
0.0008379138666666878
0.0008181128666666204
0.0007325716000000722
0.0006666900000000216
0.0006444812666667114
0.0006724328000000076
0.0007947403333333251
0.0008742575999999207
0.0007213885333333004
0.0006411824666667046
0.0007462176666665302
