5.104666646123708e-07
2.961333327296719e-07
9.074666650121799e-07
1.376000001111303e-06
2.7306666623871935e-06
2.7138666676288875e-06
2.7883333331146787e-06
3.7792000010009966e-06
3.950400000955293e-06
6.148600002120475e-06
6.87833333567293e-06
7.91633333202905e-06
1.0759066668697415e-05
1.1387733333852642e-05
1.1009733331472186e-05
1.2040133332410127e-05
1.2712333330947938e-05
1.542353333263691e-05
1.6207133333523417e-05
1.7300333331604635e-05
1.5893933330820194e-05
1.7697333333899223e-05
2.2793133333228373e-05
1.915539999970406e-05
2.0952466668215188e-05
2.0627933335504167e-05
1.8977666664454772e-05
2.0997133332419557e-05
2.303513333288265e-05
2.3847600001166332e-05
2.423006666939879e-05
2.6373800001048645e-05
2.628420000026684e-05
2.769113333442874e-05
3.1301599996898706e-05
3.2045599997824566e-05
3.5623733333522976e-05
4.217680000332772e-05
3.501599999822247e-05
3.7061400001903165e-05
3.926426666585788e-05
4.0155266664025176e-05
4.0771600000274094e-05
4.1969066668912094e-05
4.3545466665288285e-05
5.0318600001257135e-05
5.1437199997887245e-05
4.989839999704297e-05
5.0270066665802915e-05
5.33524000000322e-05
6.247899999986354e-05
5.102759999999762e-05
6.10489999994949e-05
5.641286666578556e-05
6.196946666724065e-05
6.24826000006351e-05
6.879379999986668e-05
6.293239999877187e-05
6.697933333157379e-05
6.687113333327943e-05
7.203960000102446e-05
7.128119999985452e-05
7.123926666755173e-05
6.992459999821676e-05
8.019606666588667e-05
8.184439999941636e-05
7.481853333501931e-05
8.338499999922533e-05
8.916546666739577e-05
9.066853333100274e-05
8.924619999959305e-05
9.692753333183646e-05
0.00010106286666579459
0.00010799959999966784
0.00012724393333390555
0.00014109159999975418
0.0001558583999989575
0.00013071286666577938
0.00012468300000136878
0.00021267500000116495
0.0001229943333318791
0.0001290353999981638
0.00015190060000046894
0.0001388344000010496
0.0001422181999998884
0.00012679053333404985
0.00013436426666923277
0.0001342515333353352
0.00013870786666719443
0.0001356103333336023
0.0001448216000037898
0.00016087106666778556
0.00019636446666784952
0.00016049359999972996
0.0001665065333346168
0.0001791919333328451
0.00021533493333265598
0.00022117660000067947
0.00018823360000036853
0.00018851033333551945
0.00017520826666649706
0.00020236573333344646
0.00019074399999965407
0.00018357046666418834
0.00018307593333304338
0.0001868353333321693
0.0001896537333351489
0.0002062749999964808
0.00020409193333155903
0.00020391166666513527
0.00023440453333212948
0.0002575896666665282
0.0003227807333360033
0.00039280419999840885
0.00022900619999859372
0.00026170653333394965
0.0003076485333300146
0.0002583502666690644
0.00023583733333415086
0.00024840193333564763
0.0002702958666655301
0.0002519986666660164
0.00028052713333200546
0.00037755046666726835
0.0002749304666641213
0.0003030313333368895
0.0003159038666675921
0.00030433446666601564
0.0002760298000017277
0.00028275246666756477
0.00026402033333378463
0.00030502559999945333
0.0002998473333330291
0.00038253200000042397
0.00037620500000154304
0.00040779853333390293
0.00033146280000077394
0.00036129893333338716
0.00036943466666722693
0.00034357100000192986
0.00032643733333088677
0.0003376204666646269
0.0003330675999980789
0.0003836358666688966
0.000467497333333237
0.00043150533333099854
0.0004834626666659384
0.0004414318666656906
0.0003993287333353616
0.00040140786666427176
0.00040588086666843993
0.00036384706666770704
0.0003815990666671117
0.000375992800000328
0.00042296193333205185
0.0005010642000002008
0.0005107081333325899
0.0005083351333325936
0.0005061529333336997
0.000458549333332788
0.0004386564666684004
0.0004602196666657695
0.00044488546666722565
0.00042835726666699733
0.0005683602666664456
0.0004991267333319153
0.0005910717333307503
0.0005682706666656638
0.0005243009333346057
0.0005763243333329152
0.0004721697333366137
0.0004733526666674
0.0004607965999989953
0.0005784678666657328
0.0005657964666662944
0.0005684590000006059
0.0005265730666669318
0.0005172521999962025
0.0005134144000010111
0.0004550965333360561
0.000472057133333692
0.0005387859999994286
0.0007238551333349127
0.0005996912666660137
0.0006868871999984094
0.0006223872000002
0.0005584640000013981
0.0005653568666673436
0.0005746718666661839
0.000672840533333859
0.0007072820666640685
0.0007027291333325062
0.000628476733333135
0.0006431440666650208
0.0006225921333339101
0.0005802094666667775
0.0005795514666668092
0.0006051326666693058
0.0006478418000000375
0.0010728517333310112
0.0007869582666671704
0.0006510741999998497
0.0006580438666655179
0.0007387749999963944
0.0006700840666638896
0.000631889933336538
0.000644856733330812
0.0007759746666636147
0.0008087362666666802
0.0007788365333340153
0.0006533631333326184
0.0006840633333335214
0.00082683233333114
0.0007121712666683304
0.0006879406000014872
0.0006578261333335907
0.0007800960666656919
0.0008127068666681225
0.0007260362666689465
0.0007223843999990246
0.0007965313999989121
0.0008134487333326964
0.0007554758000026141
0.0007212695333350894
0.0007971067333320055
0.0009099168000034297
0.0008445072666641332
0.0007036265333340453
0.0007147281999995888
0.0009069173333320653
0.0007649869333372787
0.0007427490000007235
0.0008716806000014306
0.000947261933334668
0.0009775649333325495
0.0009452670666689755
0.0008575139999995447
0.0009279714666689642
0.0012973083333349678
0.0011188460666649764
0.0009046750666660349
0.0009032328666667885
0.0010520174000002195
0.0011068937333343835
0.0009354683333318311
0.0009562899333332098
0.0010728659999983848
0.0012092873333349038
0.001138381533333662
0.0012123017999992195
0.001043800400000805
0.001278368933332293
0.0011129864000006743
0.0011462218000038622
0.0011255248666666754
0.0010703440666664694
0.00104181899999863
0.001173958266667796
0.0011727303333363655
0.0010473751333326695
0.0009633821333333496
0.001018142733331236
0.0011414701999996168
0.0011634123333323031
0.0011121926000006018
0.0010203006666680873
0.001463607399998068
0.0013955474666649556
0.0011570765999986557
0.0011021120666659574
0.0011737773333351242
0.001349260733334745
0.0011933969333332091
0.001198866000002378
0.0010781594000026948
0.0014205531999986456
0.0012991610666640934
0.001160729933334892
0.001091524666666525
0.001297556399999659
0.001379291800000715
0.0013402878666672299
0.001291476600000389
0.0015145201999975674
0.001292875799998683
0.0011637622666673527
0.0013096426666673248
0.0015448069333350153
0.0013358627333341624
0.001288677599999725
0.001379683666665225
0.0015466826666653334
0.0013201938666658937
0.0011356288000020716
0.0014379903999990043
0.0014091927333311105
0.0012742034666662978
0.0012725013999983048
0.0014767465333316446
0.0014058047333340559
0.0012850518000002845
0.0015770883333317443
0.001517933933335295
0.0014793942666661527
0.0014451143333303663
0.001785058266669163
0.0014495308666634325
0.001449301599999823
0.0018177355333307333
0.001502425533336312
0.0014134322666658741
0.001708819066665986
0.001466107933335555
0.001511486733327653
0.0017918101333312582
0.0015184980000015002
0.0015373133333355326
0.001789168466668419
0.001510263400001577
0.00170197026667059
0.0017099785333357432
0.0015358173333292295
0.0018140054666673678
0.0017083109333327685
0.001623739533332961
0.001768110066666395
0.0017452801333339115
0.00152947339999893
0.0018138412666663347
0.0015948633999983031
0.001627042333340493
0.0018206941999949322
0.0019144359333362595
0.001725560999998758
0.0018576267999984946
0.001985897533334461
0.0017981354000028205
0.0018811387333338796
0.0018820786666689552
0.0017469600666686347
0.0019093244666673096
0.0016336215333315825
0.0018497031333367885
0.0017925357999994654
0.0019157869333317498
0.0020583232000016475
0.0018202887999981007
0.001964566933330995
0.0018687578000045355
0.0018434136000015163
0.002057189866665491
0.0017586282000024767
0.0022864644666659236
0.001894003600002255
0.002083073999995122
0.0018237332666690995
0.0022190297999998164
0.0020419166000048487
0.0018506299999974847
0.0020507101333350876
0.001980164066668522
0.002086073266667654
0.0023698669333346817
0.0020559845333328517
0.0021680058666637097
0.0020488278666637902
0.0023123897999937524
0.001993966399995391
0.002192189400003978
0.0019463094666643125
0.0022800379999997253
0.0019981206666670913
0.002352188266667099
0.002120451466665448
0.0021848448666654955
0.0020245339333314406
0.0020828711333308546
0.002080936133330624
0.0021822908000027987
0.0020861413333326103
0.002028934600002685
0.0023754677999950975
0.002080160066662984
0.0021711207333320695
0.0022944013333339322
0.0022810796666609197
0.0022179201333339432
0.00227053593333532
0.002241402800001424
0.0022473775999950854
0.0022412756666672826
0.0022150125333306884
0.0023763763333344437
0.002084195533334802
0.00220066113332867
0.0025084535333367813
0.002544286866670594
0.0022113682666656588
0.0026094085999981568
0.002191130666670915
0.002289742933335977
0.00239247760000391
0.0022459450666588053
0.0025388393333325137
0.002676433999999972
0.0024936600000008487
0.0026124665333346303
0.0024119327333304835
0.0032506747333343354
0.00292145559999805
0.0026069538666661173
0.002600595400002703
0.0023543492666628176
0.0024543435333290137
0.0024813766000022497
0.0025129821333337078
0.0024054380666730896
0.0025790245999966527
0.0025080775333340927
0.0024731793999952364
0.0024038066666700313
0.0025769837333276275
0.002943297666666922
0.0027277492666674635
0.0027017014666682825
0.002816275666666949
0.0027677343999982897
0.002849265000001348
0.002791716533340605
0.0029162066666647965
0.002773597733335009
0.002732630866665886
0.0030992401333340544
0.0028649932000026487
0.0027894260000001243
0.002791094533336036
0.002631231333325938
0.00270138733333359
0.0025248558666665605
0.0027492800666702047
0.0027927732000042247
0.0028911864666630056
0.0028949718000054266
0.0026797350666659743
0.002782262533332869
0.0031113022000037443
0.0030164037999952597
0.0029140980000022408
0.003140456333335351
0.0029772459333363105
0.0031423680000064753
0.003425596866664667
0.002921384733334283
0.0030805294666606644
0.0031752046666686812
0.003057036533336562
0.0032099096666646193
0.0029605484666679633
0.003206157133331544
0.003171232933338312
0.0029408093333321023
0.003031504866667471
0.0028832927333345046
0.0028579092666670175
0.0030021545999981453
0.0031505678666671126
0.0035157168000012006
0.0034180177333288007
0.003401880666666557
0.0031222392666696427
0.0032023516000018997
0.003262435799998305
0.003297573800000464
0.0031019265333346387
0.0034068189999970854
0.003357154866663829
0.003636742733332691
0.0034314680666701256
0.003454852133328738
0.0030802755999995196
0.003162134066665582
0.0030747350666653498
0.0032471687333365177
0.0030119310666729387
0.0032462756666689074
0.0031163826666651554
0.003772715200005905
0.003457127266669128
0.003631417066662834
0.003393043199995797
0.003382725266662116
0.003374798400003935
0.003840326800002458
0.0035849211333318937
0.0039583566666711555
0.0038212786666709537
0.0034325472666580483
0.003684446733338594
0.0035866898666692274
0.0031831462666654414
0.003329210533327872
0.0034320133333324066
0.0034851416000056664
0.0035069140000037655
0.003561130266668518
0.003919959999997976
0.003808758933335336
0.0041101726666662826
0.00375898040000114
0.0037819135333336364
0.004110093200004409
0.003812685666664114
0.00412421560000098
0.004116367133334128
0.003999180533334841
0.003730278266669984
0.003912890333335402
0.0037953259333316208
0.0038728371999998974
0.0036828947999955138
0.00379669106667014
0.0038535221333366584
0.0041436197333344655
0.004079916733328067
0.00398170173333862
0.004168296733333439
0.003962738066665376
0.004180751466668653
0.004216439399997777
0.004109094466667784
0.004312203866665716
0.004275708599997567
0.003964571333331908
0.003712253733334592
0.003680600999998281
0.004505271866668182
0.004053222600001997
0.004105246000000307
0.0045455250666710375
0.00434483233333367
0.0042772302000003036
0.004309417200001538
0.004392364000005955
0.004259713466664531
0.004504356599998497
0.004455108466669344
0.004239991933328232
0.004258018933334521
0.004266213266672972
0.004310777466668014
0.003742199000002226
0.00404890033333345
0.004543640600004058
0.004647926399997004
0.004521694666667978
0.004617939266667767
0.004994399733332481
0.005066016933335504
0.004574004333337219
0.004852245933331763
0.004683341933332486
0.004629576666665495
0.004504660333338961
0.004192911666666532
0.004478423933333412
0.004884837333332825
0.0049254691333336115
0.004615981466666123
0.004666605466667306
0.0046173348666608644
0.004664434333333626
0.004401363066667348
0.004152970799998457
0.0048686518000010896
0.00490920766666818
0.004813971799997792
0.004923323066666777
0.004968949866669921
0.004756213733334865
0.004541848533337619
0.004740117133330083
0.004997736799996725
0.004696663266664321
0.004789468600000646
0.004552625599999752
0.005402600533331755
0.005405500266664376
0.004635862733334761
0.005080299133328481
0.005647133866669189
0.0050862210666650755
0.005205480666669852
0.005291690666666682
0.005712814933330416
0.005464411199998646
0.005115118133333377
0.0054396812666690645
0.00501449853332853
0.00526165653333616
0.005119819466665376
