7.929999924272124e-07
2.9920000770289336e-07
2.7353999996648783e-06
1.1874000051648182e-06
3.0370000047241775e-06
2.629400000841997e-06
2.765000004956164e-06
3.704399995285712e-06
3.8449999976819525e-06
5.4370000043491015e-06
4.67079999566522e-06
5.741800003988829e-06
8.16619999568502e-06
8.050799999637093e-06
7.594800007382219e-06
1.0402600003089901e-05
1.0393799993835273e-05
1.2246200003573904e-05
1.3994599999023195e-05
1.3589999986152179e-05
1.4545599998427861e-05
1.607559999570185e-05
1.8295800003897966e-05
1.634820000617765e-05
1.6832200003591424e-05
1.8887799996036847e-05
2.071879998766235e-05
2.3085399993760804e-05
2.086439999970935e-05
2.708620000362316e-05
2.544700000157718e-05
2.8532799990443892e-05
2.8098199999249117e-05
3.0261199987080546e-05
3.600539999979446e-05
3.388480000694471e-05
3.352040000095258e-05
4.020380000611112e-05
4.5371599992449776e-05
5.010300000094503e-05
4.615100000933125e-05
3.9389599999140044e-05
5.3638400004274445e-05
5.289259999585738e-05
5.364119999171635e-05
6.23666000024059e-05
6.171640000047773e-05
6.52502000093591e-05
4.526280000050065e-05
6.517080000207897e-05
6.070559999784564e-05
6.563420000134101e-05
6.448220000265792e-05
5.780219998996472e-05
8.850359999996726e-05
5.8077400001366183e-05
7.983279999166371e-05
9.527239999442826e-05
9.661639999762884e-05
8.7121600000728e-05
9.690499999805979e-05
8.876460000237785e-05
0.00010595840000178214
9.938160000046991e-05
0.00011206939999510723
9.129519999646618e-05
0.00011092379999695367
8.609899999214576e-05
0.00010715839999875243
9.810820001234787e-05
0.00012803699999608398
0.0001666206000038528
0.0001420395999957691
0.00013574660000585935
0.00011952620000101887
0.0001646166000057292
0.00016226120000055743
0.00015728000000194697
0.0001432297999997445
0.0001346060000059879
0.00013330400000199916
0.00014751080000223736
0.00014205379999907564
0.00015917140000283326
0.0001312333999976545
0.0001651041999878089
0.00013944799999876523
0.00017478539999729036
0.00015382019999492512
0.00013911159999793198
0.00015361719999873458
0.00013108959998930914
0.0001223515999981828
0.0001978066000049239
0.00015599400000496644
0.00019846899999720335
0.00020505240000261437
0.0001412788000038745
0.00018937020000748818
0.00021538139999393023
0.00022957759999826522
0.00019981840001150885
0.00016662239999618578
0.000198115599994253
0.00018400979999455558
0.0001826150000056259
0.00017484100000046964
0.00020383199999400857
0.0002180323999994016
0.0002511877999893386
0.00018336640000029547
0.0002476027999989583
0.0002142848000005415
0.00016127879999885408
0.00019352700000467847
0.0002721460000032039
0.00024067439999839735
0.00021726539999917805
0.00023512839999284552
0.0001759024000023146
0.00030061840000144
0.0002145706000021619
0.00017402959999230917
0.00023424240000053943
0.00020988700001112193
0.00025774000000069466
0.0002361676000020907
0.00032837740000672965
0.0002918849999957729
0.00041082300000425673
0.00037891380000019124
0.0002979313999844635
0.0002524392000054831
0.000283683799989376
0.0003833114000030946
0.000479436800003441
0.0004382128000031571
0.00046176760000093964
0.0003898751999940941
0.00029698639999651275
0.0004804559999911362
0.0004923773999905734
0.0004126951999978701
0.00040122720000681513
0.0004607214000031945
0.00048599620000118194
0.00046285999999895466
0.00038430000001312694
0.0004473847999975078
0.0004183155999953669
0.000522853600000417
0.0003524012000013954
0.00046404199999869886
0.0005371831999923416
0.0004641688000049271
0.0007277318000035393
0.0004070896000087032
0.0005072584000060942
0.0005394195999997465
0.00041244220000180576
0.00044438560000799044
0.0006225602000029084
0.00047269720000713277
0.0005381989999932557
0.0004849605999936557
0.0004604088000007778
0.000409141599988061
0.00028504680000764895
0.0006348333999994793
0.0003699653999888142
0.00044696839999005535
0.0006276404000061575
0.0007074663999958375
0.0006109295999976894
0.0007370446000038555
0.0007847854000033294
0.00048001540000655043
0.0005421999999953187
0.0004859071999931075
0.0005612123999981123
0.0006747652000058224
0.0006962576000034915
0.0005982860000017353
0.0005821141999945212
0.0006941331999939848
0.0006453869999972994
0.0006976488000077552
0.0006363991999990048
0.0009637525999949048
0.0009445722000009482
0.0009339679999982309
0.000662629199996445
0.0005310574000020552
0.0005998119999958363
0.0005076808000012533
0.0008268836000013379
0.0007467653999981394
0.0007714832000033312
0.0006762893999962216
0.0007643410000014228
0.0009187331999896742
0.0006549030000030598
0.0008721726000032959
0.0004929107999885219
0.0005490957999995771
0.0005273507999959293
0.0005555354000023272
0.0008032185999866214
0.0007355376000020897
0.0007254808000084267
0.0008941011999979764
0.00046553940000535474
0.0006255227999986346
0.0006035771999904682
0.0009339710000006108
0.0005281752000030338
0.000590290399998139
0.001028057799993576
0.0008834027999967021
0.00083126640000728
0.0007278419999977359
0.0008844227999986742
0.0006976183999938713
0.0008678828000086014
0.0009059155999977975
0.001076486400000931
0.0008825308000041332
0.0006641268000009859
0.0008593210000015006
0.0009084611999981007
0.0008451879999938683
0.000759477799999786
0.0011879523999994035
0.0011771125999928244
0.0008740582000029917
0.0008061542000120881
0.0010229116000061822
0.0006248394000010649
0.0006922053999971923
0.0006503553999948509
0.0007528623999974116
0.0007464170000048397
0.000779912399997329
0.0011478630000056
0.0012201866000054907
0.0014838434000012057
0.0008788863999996011
0.000744448000000375
0.0008317397999974219
0.0010503570000025774
0.0010598381999955108
0.0009416197999996712
0.0009808997999982694
0.00117524139999432
0.0009441673999958766
0.0013259341999969365
0.001362753000006478
0.001087727799995264
0.0011159746000032555
0.0015913750000095205
0.0007368763999977546
0.0010118018000014218
0.0008108129999925495
0.001326249999999618
0.0006913342000018474
0.0010333065999986956
0.0016582951999964735
0.0010481239999990065
0.000977817000000414
0.0013402933999884681
0.0011665413999992324
0.001155621999998857
0.001423592999998391
0.0011290170000108901
0.0008059623999997712
0.001123217399998566
0.0012308602000075553
0.0018378393999967102
0.0008005295999964801
0.0011968544000126257
0.0013861232000124345
0.0017586234000077638
0.0009304612000050838
0.0017088449999960176
0.00121383360000209
0.0014398749999941173
0.0012721424000005754
0.0013313667999966584
0.00154095840001105
0.0014179284000135795
0.0018107732000032684
0.0013512620000028619
0.0016903082000055748
0.0010921817999928862
0.0018252603999997063
0.0015992837999988297
0.001173603400002321
0.0013965978000101131
0.0016308422000008704
0.0016775619999918946
0.0012156349999941085
0.0015433441999959997
0.0012013862000060272
0.0013729089999969801
0.0017879795999931503
0.0019224559999997837
0.0012362256000017168
0.0011588000000017473
0.001259689799996977
0.0008396170000025905
0.0015450540000017555
0.0011670779999974456
0.0008895367999969039
0.0010752678000017113
0.0014350706000016088
0.0007982094000055894
0.0010828696000032777
0.0017100815999924635
0.0017867093999996086
0.001674873000001753
0.0018475028000011662
0.0012035414000024502
0.0017698092000046016
0.0010912594000046737
0.0017442133999963972
0.0014631915999984812
0.0014067520000082823
0.0009130580000032751
0.0014236929999981384
0.0012337955999953466
0.0012179497999966315
0.0011209137999969698
0.001558423800008768
0.0021798968000041443
0.0013613568000039322
0.0013962952000042606
0.0010500977999981843
0.001369912600000589
0.0011665753999977823
0.0016834291999941798
0.0018818235999958689
0.0013793942000063452
0.0011828723999997236
0.0012466232000008404
0.0010253493999982765
0.0015928156000029503
0.0017527099999995245
0.00208850540000185
0.0020015222000040467
0.0016839494000009836
0.0016306525999937095
0.001795161199999029
0.0020264145999931314
0.0016690362000133518
0.0021393678000038107
0.001449185399997077
0.0015070745999992141
0.0018386781999993218
0.0023936034000087147
0.001675747000001593
0.0016785927999933392
0.0025475895999989007
0.00241559320000988
0.002487878800002363
0.002147409400004108
0.002007370199999059
0.0025490259999969567
0.002104201199995259
0.0026345215999981518
0.0016039225999918473
0.0016522722000047452
0.0018455309999978909
0.0018194155999935902
0.0015938612000013564
0.0025257146000001287
0.0017082831999971405
0.002558632200003785
0.002022459999994908
0.001853341000008868
0.0015311826000015572
0.0029474279999988084
0.0029805252000016935
0.0013676041999985955
0.0019131023999989338
0.002032262799991713
0.0026373375999980907
0.0019902166000065336
0.002595221000001402
0.003315954000009924
0.0020989775999964875
0.003070584000005283
0.0026078518000019813
0.002203711400005659
0.0016663563999998131
0.0017854263999993237
0.0020938033999982507
0.0017274674000077538
0.0029483369999979913
0.0025400265999962813
0.001824776799992378
0.002525265600002058
0.002894731199995704
0.003301496600010978
0.0024704566000025353
0.0019120086000043556
0.0019124096000098234
0.0014155373999983566
0.001545114800006786
0.002416795199997068
0.001841747200012378
0.0031908268000051974
0.0013888991999976951
0.002549834600000622
0.002121532399996795
0.0018456529999980376
0.0016862778000017898
0.0024478078000015556
0.0028230202000031567
0.0022905073999936578
0.0016832734000047367
0.002062109599995665
0.0021013274000097225
0.0021840657999973702
0.0014693824000005407
0.0026925984000058635
0.001941379400000187
0.0015254641999888463
0.0021806607999963036
0.001873069399994165
0.0018665103999978782
0.0024518640000053436
0.0026753875999986575
0.0023098812000000636
0.0017298867999954836
0.0012340874000017267
0.0021386266000035905
0.002449696599995832
0.0021882261999962792
0.0017349529999933111
0.001806633599989027
0.002704998000001524
0.003188174000001709
0.003152618799998663
0.0019140075999928285
0.0023385688000018947
0.0029137342000012723
0.002683838600000854
0.004546194599998899
0.0031878362000043125
0.002926097200008826
0.0030263263999984248
0.0026990791999992325
0.002583754000005456
0.0027673722000031375
0.003194556999989118
0.0028713041999992583
0.00180044960000032
0.003512823600010506
0.0029403783999953246
0.002626862999994728
0.0027479540000058477
0.0021137022000061734
0.0021740576000070177
0.002499218799994196
0.0034091494000108467
0.002361849399994753
0.0016749592000053326
0.002205570999996098
0.002003586200009977
0.002026979000004303
0.0027488855999990847
0.00404585760001055
0.0023576655999988814
0.0018611620000172024
0.002573321000005535
0.002428699200004303
0.0021318313999984183
0.003633102399993504
0.00211782420000759
0.0036080619999950157
0.0027047425999967346
0.001968098800000462
0.0026118434000068193
0.0028108103999954894
0.0019624533999945014
0.002542629799995666
0.0031517925999992257
0.0025538049999966005
0.0018876153999997313
0.002378402400000823
0.0043688757999973404
0.004273617000001196
0.003259697999999389
0.0026371577999952933
0.004692290000002685
0.0024919773999954485
0.002719980200009786
0.0026804831999982072
0.0028166367999972407
0.004089769199987358
0.004188804200003915
0.0033291904000009253
0.003270741799997268
0.0023930113999995227
0.0031062401999918166
0.0030205437999882177
0.002990089200000057
0.002440386000006356
0.004619019599999774
0.003297259400005714
0.0017246889999967153
0.0029829163999920637
0.0030693897999924504
0.0038863448000029167
0.003992431400001805
0.0018521269999951073
0.0023654583999928036
0.0032815657999947234
0.0025318196000000625
0.003952803200002108
0.0034866946000079225
0.0036445763999950033
0.003753312399999231
0.0019749167999975727
0.005107053399996175
0.0033424272000047496
0.0034691087999988214
0.0029993650000051273
0.003083787200000643
0.003030814999993936
0.0032327398000006726
0.0033963676000041687
0.0032515480000085972
0.002527668799990579
0.0027248275999966153
0.0021496026000079383
0.0035237068000071757
0.004202839400005587
0.0035341507999987697
0.003493201400010548
0.0028815103999988876
0.0025223374000063357
0.0025171121999960633
0.004165327800001251
0.0035005167999997864
0.0031071232000101645
0.0030980143999954635
0.0037248664000003374
0.004317278000002034
0.004301224800002501
0.0023166177999996763
0.003512616400001889
0.0027680320000001758
0.002357368600002019
0.0020620076000057
0.0025297977999969136
0.0020866769999997813
0.0033827394000013554
0.0028655774000071687
0.0031533915999887086
0.0041555646000006165
0.0020598620000043867
0.004657136400004447
0.0030572607999999946
0.0030303933999903166
0.004203087999997024
0.003253250800003116
0.0032255012000007356
0.0040389877999984945
0.0042485763999991375
0.004412784199996622
0.003353992799992511
0.0031391861999964022
0.0035216259999970136
0.003555778800000553
0.004863691600007769
0.004205075000004399
0.006388793200005694
0.005246647999996412
0.004266671800002087
0.004342996200006155
0.002864539199998717
0.0034187040000006165
0.005919779999999264
0.003040420000007771
0.002580287599988651
0.0020365916000002924
0.005267477399991094
0.0034256933999984086
0.0029468882000060147
0.002984357400009685
0.00240830259999143
0.004990642400002798
0.005148373400004402
0.002766368999994029
0.0056304402000080245
0.0030618960000026616
0.004012552399996139
0.002929717999990089
0.0037876556000014717
0.005508928599999763
0.003500472799998988
0.0022432541999933163
0.002363776799995776
0.005552450199996883
0.004802743200002624
0.003939257000001817
0.002726828999993813
0.0037867014000141806
0.0036535439999966003
0.0043255708000003775
0.0042085440000050765
0.004890889000000698
0.00413112920000458
0.0029953685999998926
0.00317070319999857
0.004939417999997886
0.003892914000005021
0.004244732200010049
0.0030888239999967483
0.0021372441999972123
0.003445395799997186
0.0056037969999977125
0.004127192999999352
0.003235610400002997
0.003923040600005834
0.0031620675999988633
0.0026601114000072814
0.004338105599993014
0.003908621200002927
0.004618970600000693
0.004087875600004054
0.005562704999999823
0.004916301400004386
0.006272124200000917
0.0033075908000057552
0.0038140503999954944
0.0028340708000087035
0.003110479800000121
0.004883765400001039
0.005178407999994761
0.003350543800002015
0.003003057800003717
0.004321236399999861
0.003597494199993889
0.005656397999996443
0.003703972799996791
0.0033074925999983405
0.00351742460000537
0.0044912348000025306
0.003655475400000796
0.0045182989999943855
0.004354649799995514
0.006529165799992143
0.002448019399992063
0.0037046872000018995
0.005568663200000401
0.0037188928000034594
0.004391643599996086
0.0027550369999971734
0.006551102599991055
0.004506894400003602
0.003482165000002624
0.0035964413999977295
0.006544398199991974
0.0030020842000055836
0.0052062167999906706
0.0025986235999994277
0.005612713800007896
0.0036513592000062545
0.004580566999999291
0.0034391359999972337
0.007296366799999987
0.004742459600004167
0.004304834599997776
0.005628524799999468
0.004300820599996769
0.006250087600000143
0.0063584403999982445
0.0038477521999936925
0.003763844199994537
0.0036654610000027787
0.0070809716000042044
0.003817237600003409
0.004786077199997863
0.004056779000001143
0.002973017799996569
0.008181524999997691
0.005121630999997251
0.00454515399999309
0.005753794000003154
0.004881246799999417
0.0045346509999944825
0.003883791399994152
0.00281414819999668
0.00579778000000033
0.004318147800000815
0.004264735799989694
0.00508012440000698
0.0035431485999993127
0.005906505799993056
0.0038525733999961176
0.004907965800003922
0.00401371779999522
0.004049308800000517
0.004627363400010154
0.004574381000008998
0.005276792800015073
0.00327408100000639
0.00334132480001017
0.0072295971999949415
0.0051652881999928015
0.00924814480000009
0.005610135199998467
0.0038407210000002577
0.0068882199999961815
0.004193192400003909
0.0034905794000053445
0.004629613400004473
0.003701789799993094
0.004373307599996679
0.006506707200003348
0.005975834999998142
0.004021644599998808
0.005522658199998887
0.004720237600002975
0.00461614599999507
0.0029759576000003563
0.004507691999998542
0.0033696434000034968
0.0063097860000027595
0.0033097935999876426
0.006957351200003359
0.004512149999999338
0.004459721200009881
0.004626174599991373
0.005039830400005485
0.0032008918000030915
0.00834643740000729
0.005306561599985571
0.008746216200000845
0.0036867667999956667
0.006414713200007327
0.005789367599999195
0.00588582959999826
0.004951942199994619
0.005531207400002814
0.00569678900000099
0.005098719199997959
0.006642892799987976
0.007146301800008814
0.004378151599991042
0.0030702898000015467
0.003666018400002713
0.0036908070000094993
0.0061650396000004545
0.0036150824000060313
0.008467734999999265
0.004874980599998935
0.0034790162000035707
0.007078825199994298
0.0036262316000033935
0.006349926800004369
0.004896901400002207
0.005839360400005944
0.007489227399997844
0.011452010599992946
0.00515959079999675
0.004860768399998961
0.005589664599989419
0.0037141149999968094
0.003076314400004776
0.0040544976000035145
0.005269768200003
0.008135993800004826
0.0034663630000068223
0.004870934600006649
0.0060225712000033125
0.005104517999990321
0.00469412799999418
0.006467761799990512
0.0052879351999877144
0.005561738200003674
0.006187443400000348
0.005028364399998963
0.007076903999990236
0.00484775959999979
0.005140073600000505
0.0050072387999932745
0.0035153272000059133
0.0045118790000003624
0.005292303799996035
0.007036872000008998
0.0055351618000031525
0.007463137200005576
0.004601253199996336
0.003918801799994753
0.0048835903999986385
0.006239728399998512
0.005391677200003641
0.004063914800002522
0.0040782293999996
0.004249497000000701
0.006435294400006342
0.004204983799996853
0.006477520599997888
0.0037911953999980597
0.005916720200008285
0.005761937200003331
0.00787397520000468
0.008016900000001215
0.007272209400002794
0.006501109000004135
0.005623340199997528
0.0055262850000019625
0.004590340999993714
0.0040194874000007985
0.004047228199999609
0.007298781800005827
0.006123320599988347
0.00683144880001123
0.005179423600003475
0.0057854805999966175
0.004804165400003058
0.0036521445999937894
0.006074257599999555
0.006638839599997936
0.0063221742000052926
0.0038506362000077844
0.005686427599999888
0.007512725000003684
0.006454209999998284
0.007151665400004959
0.009213306400005195
0.005192121999999699
0.00832188520000159
0.0052873487999931966
0.007889696000012237
0.008204323799992608
0.009230860200000279
0.005619839799999226
0.010834108600005266
0.008171111400002928
0.006022899400005599
0.008025308800006315
0.006135564999999588
0.007096021000012343
0.004035225599994874
0.00676090740000177
0.0058840134000092805
0.0077645077999989095
0.007859782600002063
0.005777422199997773
0.008483077400006778
0.007253364999985479
0.005116996799989693
0.007587147399999594
0.00609950620000177
0.007947641600009093
0.005498022800009039
0.012567547200001172
0.011186234600000945
0.009001590200006149
0.005596739800006389
0.012075417599993444
0.01037207620000231
0.009029001199996856
0.006761817000000292
0.0037803890000077446
0.005593855799992298
0.008711701400000039
0.007167874999998958
0.00785709860000452
0.0077640464000012345
0.005852542799999583
0.00672706820000144
0.0076408865999951555
0.0068380594000018394
0.0064914290000047
0.007504291200007174
0.007071439000003466
0.00739360579999584
0.005472754400005897
0.0035491099999887866
0.006027744199997187
0.004975493399996367
0.0047956208000016435
0.009136257999995224
0.010736662399995111
0.0063917403999994345
0.004791809799996827
0.004314281199998504
0.005608812999997781
0.006395163399997727
0.004117060200002243
0.005569137000003365
0.0052449101999968665
0.0039305997999974805
0.008103214800001979
0.011555523600003425
0.010810981999998148
0.007403466400000979
0.007157609600000114
0.007130284999999503
0.006308297600003243
0.003676981199993179
0.008679355399993937
0.007506729200002837
0.0063165270000013155
0.005425462800008063
0.006956031000004259
0.00525582120000081
0.010237301799998022
0.01053458599999999
0.007933989800000063
0.011184275400000842
0.012797904799992921
0.005834109400001353
0.005228825800008963
0.005453427399993415
0.008550762799995937
0.006772795599988513
0.007126316200009341
0.007059819400006972
0.009865989599995828
0.0083878784000035
0.008396190400003434
0.006433600799999795
0.008231786000004604
0.006290588799993202
0.005875984599992989
0.008187667599997894
0.00907446839999011
0.006758221000001186
0.004848912599993582
0.00603641279999465
0.007324313200001598
0.005842130799999267
0.008923026000007894
0.007925903599999628
0.005397313000003123
0.005885759000005919
0.011978922399993052
0.005834500200006687
0.007371660999996266
0.006106295600000066
0.009252077399997916
0.009063372200012054
0.005901432000013074
0.006614535599993587
0.010564064399983409
0.006419832000000269
0.005547293799997988
0.006351712799994402
0.006825479399998358
0.010852938400000766
0.006676315000004251
0.007595154799986403
0.007639332399992327
0.006198055200002273
0.017265615400009437
0.009116440400003967
0.00452495479999584
0.007530200399986598
0.005198441800001774
0.00908978740000066
0.015008054799994851
0.005878091399995356
0.006962906599994767
0.0048186242000042515
0.007077590400007239
0.00620216459999483
0.006992631600002142
0.014248897800001714
0.014724056600005041
0.006684380999990936
0.013038302199987584
0.008106936200005067
0.008778251399996861
0.005917158999994854
0.0057643365999979325
0.004907711399999926
0.006985794799999212
0.007752184199995326
0.006628285600004347
0.009674401800003807
0.007599468400002252
0.007873244199998908
0.005368938600003048
0.008392225399995823
0.009542121200001929
0.009326534999991054
0.009505215000012867
0.005222765600001367
0.009943901800005506
0.009825355600003149
0.013012509800006455
0.007048520799997959
0.008807818399998269
0.008723037199996498
