5.115333313672939e-07
1.1681999997866418e-06
1.7600666656865846e-06
2.5015999995048333e-06
3.2812666688641913e-06
4.214866665582425e-06
6.692600001656501e-06
6.43586666531822e-06
7.604399999650013e-06
8.793800001664446e-06
1.047626666756211e-05
1.1553333333343593e-05
1.4790133333993556e-05
1.4113733333450304e-05
1.5736066664355046e-05
1.7494133334139406e-05
1.9006133337976887e-05
2.0729200001786316e-05
2.2722933331920102e-05
2.4797933331418184e-05
2.708286666480338e-05
3.927893333658024e-05
3.823779999834187e-05
4.090406666819035e-05
4.573680000040288e-05
4.086173333538075e-05
3.9267599998045925e-05
4.170346666683144e-05
4.555880000225443e-05
5.531099999889951e-05
5.1072933334239676e-05
5.374166666740621e-05
5.497500000141524e-05
5.761839999820495e-05
6.093753333213196e-05
6.342686666774474e-05
6.578166666599827e-05
6.858259999849754e-05
7.102539999929529e-05
7.304099999979977e-05
7.605979999899166e-05
7.969980000079128e-05
8.03492666686149e-05
9.27779333323997e-05
9.195540000253763e-05
9.772160000238727e-05
0.00010075259999950959
0.00010969873333124269
0.00011324133333137828
0.0001278349333309355
0.00013371913333818004
0.0001298799333360042
0.00012554513333498107
0.00012995193333532976
0.00013013853333442664
0.00013440073333299553
0.00013975793333334725
0.00014587373333275385
0.00014268333333404825
0.0001480733333342717
0.0001488495333347828
0.00015613253333223535
0.0001628693333316278
0.0001630043333326133
0.00017356419999903968
0.00017926486666700232
0.0001911490000007158
0.0002225090666674608
0.00022421973333450751
0.00024681833333299136
0.00029036873333344225
0.00024905133333087784
0.00032947393333226195
0.0002809376000016073
0.000273633066665487
0.0002618908666685608
0.00027678340000155305
0.0003205967333353025
0.0002781834666668222
0.00031233753333405426
0.000283431666667866
0.0002928343333328106
0.00030086326666491916
0.00031476119999733027
0.0003431159999981522
0.0003532000000016448
0.0003697845333334726
0.00039072306666507
0.00037003253333220225
0.00038151219999917887
0.0004068751999994902
0.000388564866666267
0.0004599868000013885
0.0003994969999998451
0.0004079158666655758
0.0004485153333320113
0.00043144079999895744
0.0005110095333350273
0.00045857780000346793
0.00046809919999854326
0.00044482440000213804
0.00043689473333377766
0.0004521042000031154
0.0004551998000010826
0.0005153875999989547
0.0005635295333329774
0.0005102677333354677
0.0005160450666655455
0.0004939260000005181
0.0004906482666655165
0.0005035692666685539
0.0005688720000032769
0.0006839464666673696
0.0006356459333308824
0.0006609281999989965
0.0006313595333343377
0.0006172834666671179
0.0006027076666678491
0.0006058518666662849
0.000621572333332665
0.0006068700666655029
0.0006409564666663907
0.0007189779333344859
0.0006753848666647855
0.0006160613333340355
0.0006100901999995282
0.0006144145999968486
0.0006460948666652182
0.0007810227333341876
0.0007774917333326433
0.000766090866666976
0.0007473361333325101
0.0007335278666677898
0.0007537390000010192
0.0008626802666659235
0.0008564689999985831
0.0009150381999991926
0.0008365235333343435
0.0008188998000008496
0.0007945079333325112
0.0009372397333332098
0.0008948116666687156
0.0008511927999971173
0.0008269277999990739
0.0008687362666639349
0.0010181855333333564
0.000985876266666234
0.0009099022666674728
0.0008652985999987095
0.0009188984000009744
0.0010016767999995106
0.0009650725333320528
0.0008758259333329003
0.0009495545999991843
0.0009109914666690126
0.0009126988666650959
0.0009990098000002944
0.0010411733999973194
0.0009969821999997444
0.0009523687333294599
0.0010414641999981693
0.0009586740666662763
0.0009421826666653032
0.0011137022000032933
0.0011353756000014906
0.0010180581999984877
0.0011482969999993505
0.0010707957333342696
0.0010894730000027646
0.00130178766666423
0.0012750775333320993
0.001228415933334759
0.001233839733332805
0.0013368022000027698
0.0013803888666672037
0.0013458563999989791
0.001542652200001271
0.00138319779999847
0.0015417994000027117
0.001431530866667193
0.0015626099999991538
0.001478150200001475
0.0014499692000005855
0.0015548893333326911
0.0015106431999991324
0.0014411632666669523
0.0014631400000003699
0.0017248033333345347
0.0014263650666653878
0.0014027050000009922
0.0015368236666660096
0.0016571571333353556
0.0015284181333328206
0.0014713721333322384
0.0017397459999983766
0.0016877758666661673
0.0015089274666668948
0.0017260804666676677
0.0016436601333310818
0.0014899976666706985
0.0017576518666686525
0.0016964596000027161
0.0015286130666661772
0.001843005799996907
0.0017105925333349128
0.0016909861999986713
0.0018988285333316904
0.0016673685999990084
0.0016917007333319134
0.0019047880666676065
0.0016521324666655345
0.0018821213333344152
0.0018537023333342025
0.0017643540666673137
0.0020346483999996207
0.001851997533334308
0.002358162933333574
0.0022506274666663256
0.002235639600001112
0.0021417707333313274
0.0023634737999988905
0.002131416466666754
0.0021815766666653264
0.0024443982666658335
0.0021852201999981464
0.002351133133332913
0.002197759066666549
0.0022819857999981726
0.0023810292666704906
0.0022566295999970026
0.0023221309333318154
0.002093228466667559
0.0022463287999983095
0.002317076400000436
0.002135936533332483
0.002357854933334617
0.0020629140666642344
0.002434671066664388
0.0021170806666665006
0.002663186799999077
0.0022426912666664595
0.0025818046666662062
0.0024116342666654117
0.0025545151999997037
0.0023581318666686
0.0025504867333362804
0.0023342089999990397
0.002712388600000774
0.0024951897999992904
0.002709359933334099
0.002521130533333841
0.0027257837333346893
0.0026564137333347543
0.0026481016666650703
0.0029335924666639814
0.003525690800002697
0.0033351937333321756
0.003000128133328417
0.002984672800000491
0.002854435533336641
0.0032081256000026314
0.0029560191333340906
0.003097021666665493
0.0029216690666657996
0.0030688745999990865
0.0030269252000001265
0.00310978499999995
0.0029313759999989013
0.0029711511999996293
0.0029035586000010958
0.003175952533331383
0.0029400545999995606
0.003266775200000893
0.0029287188666652733
0.0034067969333326192
0.003078024933334215
0.003316063199997643
0.0029194939333336833
0.0035404915333344888
0.0030591179333328
0.0034878558666690653
0.0034565165333314478
0.003361033466667133
0.0032617914000023043
0.0035987854666672094
0.0035871587333341872
0.0034929528666670724
0.0036299716666671126
0.003673801533334616
0.0035173398666699996
0.003524770133333277
0.0037802366666672546
0.0036941895333323298
0.0038044232666663903
0.0038581090666667704
0.0036974972666683923
0.003845970599998812
0.0038863847999995945
0.0038283226000004333
0.003693916533335558
0.0036480184666658035
0.003747864799999926
0.0035855212000010777
0.003522303800001699
0.004029703199999328
0.004032802933332391
0.003910324866666315
0.0037211653333343976
0.004079542733333596
0.003869152466667932
0.0040336854666681654
0.004389846333336322
0.004283725266666731
0.004365135799999583
0.004035823399999572
0.0037991229999998193
0.004010309266666923
0.0037510264666660003
0.00415131086666823
0.004386257599999037
0.004284585199997082
0.004319039933332647
0.004575555866669371
0.004109885533334061
0.004650843933333704
0.004538703999998953
0.004728813000000779
0.00492908780000126
0.004787804733333208
0.004598320800000503
0.004393346999997523
0.00457706959999958
0.004575637200001855
0.00443550653333394
0.004543310199999458
0.004847379599997718
0.004962269399999286
0.004741528400003858
0.005373466799999467
0.005445840533334944
0.004838314866665883
0.005309832600003498
0.005082110866663925
0.005198890066667635
0.004697624199999003
0.004856764800000708
0.004920028666666099
0.004860278800001084
0.005481215799998533
0.005421217799999075
0.005407646866666482
0.005413671266665195
0.005253341866667445
0.005497381666666949
0.005513894466668034
0.00562808146666877
0.004980556066666963
0.005253436000000041
0.0051189313333348235
0.005252895799998214
0.0058359391333330755
0.00591280559999916
0.00532228840000073
0.005869710733333022
0.006012155266665787
0.006210600533333377
0.005914970666664961
0.006233523333332869
0.006043998333333888
0.005882638000000876
0.00574273680000014
0.005952324733333588
0.006229865866667221
0.006095220000001215
0.006040447266668517
0.006246619799997196
0.006366692666666533
0.006220165666666351
0.006282190200000552
0.005989307133334402
0.005569057266666277
0.006465102199998304
0.006261924466663989
0.006600834266666311
0.006684306599999938
0.006825830533334927
0.006571602200000371
0.007071753666666799
0.007322395733335914
0.0070595875999979775
0.007298709733332961
0.007010134733333947
0.007349158466667897
0.00701116759999915
0.006778852533334619
0.006657913933333741
0.007098442399998817
0.006853945533333672
0.007123508533333241
0.006483208733333375
0.0066945812666678725
0.007209951000000577
0.007329852066666831
0.006981397266667007
0.006798229800003242
0.007256398933332283
0.007463729733334882
0.00717200013333373
0.0067354775999992475
0.007009408933332868
0.00722001853333154
0.007752130600000366
0.0073015060000007756
0.007028886400001018
0.006978697733335555
0.0076972372000009654
0.00780395153333302
0.0077428601333338065
0.007255857466665816
0.007696812533333741
0.008149282000001297
0.007926224200000812
0.007609275266667244
0.008199513133330545
0.009402913799999624
0.008355319799999468
0.007956068600000777
0.007986825066668264
0.008396589200003746
0.008430857866669802
0.008455040466665764
0.00851759613333248
0.008413266799998572
0.008730331199998886
0.007959619400000405
0.008216573666667651
0.008792997000000469
0.008632966333333532
0.007932233333335148
0.008152887266668548
0.008872824333332118
0.008951682200000732
0.00798910866666631
0.008955058533332286
0.008827438466667559
0.00884055559999884
0.009120604600000585
0.009249825066666518
0.008179097666667683
0.008194869933333848
0.008943067133333215
0.009459973400000384
0.0094619310000013
0.00961550299999961
0.009604257399997589
0.009836307066665502
0.009460798933335467
0.009634798733333127
0.009577945933333847
0.00938567526666721
0.009493796600000336
0.01006586133333182
0.009991456800001212
0.010050939533334713
0.009956827000000128
0.010094512733334681
0.009637395800002462
0.009597876599999229
0.010018945266666416
0.009400438666668265
0.010052977199998736
0.011086091800001441
0.00943931546666666
0.009319517199998018
0.010548320933334783
0.010377807533334742
0.009523427133333939
0.01062034826666623
0.01116844199999889
0.010297813333333275
0.009816308666665918
0.011557264999999954
0.01035552413333202
0.009875394933333344
0.010529630933333086
0.01146496093333269
0.011018522533333908
0.010681095866667078
0.010753366266666831
0.00989469113333333
0.010624520866668756
0.010913320133333097
0.011050685999999624
0.011463777799999282
0.010733153400001546
0.011042472333333346
0.010845944733333113
0.011422224933333306
0.01152118886666642
0.011577232933333903
0.011519210733332367
0.011177728399998917
0.011699582133334729
0.011437408733333617
0.011841040733332874
0.011756844533332847
0.011552431866666288
0.010817856400001347
0.011571818133330681
0.011188724133336336
0.011885335600002616
0.012112776199997673
0.011361280400001306
0.011419901866663433
0.013581609866667085
0.015376833933333955
0.014711460666665252
0.015832740399998595
0.014128663933334451
0.01427857299999952
0.013068363266665984
0.012146614799999612
0.011761571599999835
0.012874965733332525
0.012750739599999861
0.013136661533332964
0.013118203000000979
0.012126679666668376
0.012812875466665711
0.013353848600002039
0.013459301866666351
0.013596805133333115
0.012681143200002984
0.013226498533334545
0.013443221600001228
0.01289881813333409
0.0132647457333339
0.013696024200001489
0.013421900533333541
0.013847407066664156
0.013775436933333178
0.0134781809333352
0.013618222533330027
0.013604166999996892
0.01381720033333238
0.013335382933333525
0.014089566466665815
0.01380802513333208
0.013725709666664443
0.014277876333331581
0.013606587266669598
0.014224549399998902
0.013984705666667688
0.014358140000000692
0.013961461333333128
0.014544553933331865
0.014547003199998207
0.01435971279999914
0.014089010866667688
0.014520067533333266
0.014495942333331869
0.014703415733334661
0.01446012213333366
0.015173438133332221
0.014743530266666008
0.016058137800000812
0.015030743266665543
0.014111020866666497
0.014999938000001597
0.015139508200000288
0.014848958199997734
0.015716041066667685
0.01432191153333425
0.01471525399999886
0.01381656333333486
0.014585890333333396
0.015545674733333688
0.015410903733333233
0.015333267333330507
0.014536423800000383
0.015873754133335184
0.015366691799999898
0.015854177733333093
0.015828749199998052
0.015614881266669538
0.015697414466667208
0.01594692293333253
0.015466657333331569
0.0159631939333309
0.016313098866665616
0.016170341000000123
0.016434953199997913
0.015658470866669442
0.016298912933332115
0.01658038293333277
0.01650317859999954
0.016426479000000428
0.01718663620000219
0.015759767333332775
0.0169569339333331
