1.0307999986025607e-06
1.541000000315762e-06
1.995600004534026e-06
2.652200001307392e-06
3.4629999987600968e-06
4.342599996220997e-06
5.259599996065845e-06
6.563199997344782e-06
7.5292000019544504e-06
8.839800000259856e-06
9.999399998150693e-06
1.1867000000620465e-05
1.2789400000201567e-05
1.4567600001669234e-05
1.6153199999280333e-05
1.7688199997678565e-05
1.905700000293109e-05
2.1236599997109808e-05
2.310460000103376e-05
2.5145200004317304e-05
2.7043799997272798e-05
2.932940000164308e-05
3.1103200001325604e-05
3.3925599996109665e-05
3.549039999484194e-05
3.8692599997602886e-05
4.281099999730032e-05
4.689619999851402e-05
4.7344199998633485e-05
5.061359999842807e-05
5.702919999635014e-05
5.860579999819038e-05
6.255560000170134e-05
6.58302000005051e-05
7.002879999618017e-05
7.81055999993896e-05
7.421760000170252e-05
7.584120000103667e-05
8.191759999931492e-05
8.327539999584133e-05
8.631179999838424e-05
8.964140000102815e-05
0.00017411179999839987
0.0001252967999988641
0.00011660900000265428
0.00010881479999795829
0.00010902279999811527
0.00011767480000060004
0.00012331259999598387
0.0001286104000001842
0.00013084120000428356
0.00013693239999952312
0.00014614199999982703
0.00015603519999842774
0.00017666799999744854
0.00018555260000425734
0.00017742819999853055
0.000174927999998431
0.0001630767999984073
0.0001685073999993847
0.00019253659999662887
0.000179332600001203
0.00018889219999778105
0.0002074433999979419
0.0001930085999987341
0.00021524560000329984
0.00022000320000188368
0.0002048816000012721
0.00022332000000062634
0.0002552361999988761
0.0002497759999982918
0.00024192159999643082
0.00025850079999827357
0.0002392748000033862
0.0002466003999984423
0.00026802500000542293
0.0002668262000014465
0.0002657949999985476
0.00027029340000126465
0.0002975186000014673
0.0002817974000038248
0.00029948019999892495
0.00030721800000321764
0.0003015697999984468
0.0003074416000004021
0.0003290274000022464
0.0003264064000006783
0.0003288220000001729
0.00036356720000298994
0.00038949659999900634
0.0003801211999956422
0.0004680411999970602
0.00039982899999984055
0.00040323760000546824
0.0004378994000006742
0.0005254693999972915
0.0004349052000009124
0.000504994200002784
0.0004554143999996541
0.00048099060000481584
0.0005227215999980217
0.00048392660000047273
0.00046030439999640295
0.00048310280000123383
0.0005150759999963839
0.0004910561999992069
0.0004995699999966518
0.00048003340000093433
0.0004761050000013256
0.0005018657999954712
0.0005331453999986024
0.0005447487999987288
0.0005587986000023193
0.0005527618000030543
0.0005598026000001255
0.0005529455999976563
0.0005823144000004276
0.0006073836000012988
0.0006219573999999284
0.0006977992000031463
0.0006536032000013847
0.0007533725999962826
0.0006890873999964242
0.0007545179999993934
0.0006697557999984838
0.0007025061999996751
0.0006887229999989585
0.0007251316000008501
0.0006854422000003524
0.0006619552000046269
0.0006830562000004648
0.0007021230000020751
0.0007128617999967446
0.0007129926000004616
0.0007504853999989791
0.0008408637999963275
0.0009296046000002889
0.0008350747999998021
0.0008273641999977599
0.0008527495999942402
0.0008052425999977685
0.0007798056000012821
0.0007774400000016612
0.0007955121999998482
0.0008133463999996593
0.0008526388000007045
0.0007960053999937599
0.0007945530000000644
0.0007940782000019908
0.0007775309999971114
0.0007655196000001752
0.000816127400000255
0.0008408872000018163
0.0008705026000001226
0.0008745895999993536
0.0008596628000020701
0.0008696571999962544
0.0008361535999966918
0.0008553437999978541
0.00095997539999928
0.0009607080000023416
0.001074404599998502
0.0010400310000022728
0.0009845199999972466
0.0009830320000077108
0.00108687280000197
0.0012598404000016216
0.0011241670000003978
0.001274876000002223
0.0013411731999980248
0.001496136399995862
0.0013938006000017821
0.0014193611999928635
0.0014700155999946673
0.001323157400000241
0.0013119994000021507
0.0012811698000007254
0.0013140815999975076
0.0013167132000006631
0.0013999210000008588
0.0015764028000006646
0.001480059000004985
0.0014690048000005618
0.0014348068000003878
0.0014139268000008087
0.0014025545999999168
0.0014430683999989923
0.0013852463999995735
0.001421259800002872
0.0016324230000037687
0.0018266467999978886
0.0016456890000000612
0.001685216999999284
0.0017049948000050108
0.0015808277999980191
0.001641414599998825
0.0015870850000027303
0.0016085878000069442
0.001624790400003917
0.0017027123999980632
0.0018462309999989657
0.0018040398000010783
0.001736068200000318
0.001679792400000224
0.0016145588000000544
0.0016939739999997983
0.0019012953999947512
0.001992480000004093
0.0020728121999979976
0.00205112180000242
0.0018386509999999134
0.001949132199999326
0.0018559494000015774
0.0018524757999983875
0.002099296599999434
0.0021736937999946803
0.0019275577999991356
0.001945661199999904
0.0020566219999977875
0.0019208030000044118
0.0020461580000016967
0.002056750000002694
0.00203231179999932
0.002119350599994618
0.0023399929999982304
0.0021542628000020157
0.002147255400001313
0.002182106799997996
0.0021112990000034413
0.0023867951999989147
0.002405204599998001
0.0023125179999993863
0.002165746400001467
0.002052772200005393
0.0020799804000006363
0.0023918805999983304
0.0024527103999957946
0.002394218000000592
0.0022797433999983243
0.0022711805999989566
0.0024856987999982037
0.0025997353999997587
0.0026367294000010587
0.002417770200000291
0.0023551381999993735
0.002380226200000379
0.0026152575999986993
0.0026549134000021014
0.0025399204000024155
0.0023564461999967534
0.0024216346000031307
0.0029484508000024333
0.002715867599994226
0.0025165487999998957
0.0023678525999969225
0.002409070600000973
0.002713584400004265
0.00300326820000123
0.0026265488000007053
0.0029888521999993146
0.0027289303999992855
0.0026315451999977314
0.002689876199994501
0.00311486359999833
0.002791446000000519
0.0025377973999979988
0.0028297359999982065
0.0025338338000011618
0.002496307000001252
0.0028006952000026787
0.0026140114000014593
0.0026776331999968763
0.003117150399998536
0.0031002684000043246
0.002847105399996508
0.0028679946000039537
0.003050673800001391
0.002853864799999428
0.0033181499999983544
0.00364775799999677
0.003529190599996923
0.0034437506000017494
0.0032112908000016204
0.003562900799997237
0.003353786399998171
0.003113329000004228
0.0031964834000007157
0.0036677296000021896
0.003246303799997463
0.0032135080000017524
0.00396161920000111
0.003983822199998599
0.003685718999997789
0.003474259600002938
0.0038758680000029245
0.0037303647999976874
0.003951309599995056
0.0036671433999998725
0.003493517399996904
0.003924606000001063
0.003645772400000169
0.0034567677999973513
0.003399755999998888
0.0034126718000010215
0.003690719599995873
0.003430397800002538
0.0034679957999998122
0.004397103600004471
0.003904398000000242
0.004012312999998357
0.003674164199998131
0.004080455600001187
0.004187998800000514
0.003659663199999841
0.003582346599998232
0.003585412400002497
0.0033874842000017223
0.004101391199998261
0.0038339949999993904
0.004071630400000003
0.004778018199996836
0.0038981427999999598
0.0045513059999962024
0.004141554800003178
0.0043672856000000594
0.004678331600001684
0.0039475671999980476
0.003977736400000253
0.004015330400002881
0.004174448199998437
0.004608927600000356
0.005477484400000776
0.004845609200000922
0.004985547999999085
0.005179471000002422
0.004584354200000007
0.005381413599999973
0.004578652800000782
0.00446010119999869
0.004706607200003532
0.004564946599995778
0.0049311541999941255
0.005001558400002182
0.004836214799999539
0.0045421747999995436
0.0048300418000025045
0.005080193999998528
0.004674659400001247
0.004545893600001705
0.004930067599997301
0.004636068200002797
0.005475838399996746
0.004782037199998967
0.005326617999998007
0.005226947000002724
0.005996196600000303
0.005192556000002924
0.004708145800000807
0.0047868940000000745
0.005394526200001337
0.005559924999997179
0.006224634200000878
0.005755442199998129
0.006023213000000282
0.005940474799996309
0.006041561800006434
0.005883440000002338
0.005850206399998115
0.005572290800000701
0.006289905799999928
0.005741429200000425
0.005390040799997564
0.006122994599999742
0.005339136599999961
0.004975716000004127
0.005140989599993873
0.005409277399999723
0.005550157600001171
0.006333611800002359
0.005691104800001767
0.005874505800005636
0.006042743600002609
0.0060750914000038845
0.0057882616000028975
0.005907223399998429
0.0059457861999987925
0.006627220400000055
0.006195249800001079
0.005801227399996378
0.007035049200001709
0.0067796109999989085
0.006225340199995344
0.007483148200000756
0.006700356000001762
0.0071101972000008114
0.007061576200001696
0.0065056619999978695
0.006816291199999114
0.00632217819999994
0.006649268800001096
0.006619850399999905
0.00703178219999927
0.006782334000004653
0.006998956000001044
0.006521055999999703
0.006057227600004466
0.006170358399998577
0.006476512599994067
0.0067930759999995875
0.007268429799998444
0.007227489800004605
0.007500304399999891
0.007094283000003543
0.0066715076000008365
0.006660424199998261
0.007653833000003374
0.007275444600000469
0.007130464799999459
0.0074870269999991025
0.006555823799996574
0.006430833600001051
0.006906268399998794
0.007289839599999936
0.007579831000003878
0.007326121800002738
0.008125148599998511
0.008182606200000464
0.007824015600002098
0.008257607399997369
0.0090374230000009
0.00767611559999466
0.008355059400000187
0.007233923999999092
0.007183606000000964
0.00736131680000085
0.008294668600001387
0.007853602599996633
0.007871722200002295
0.007830634600000507
0.007563147200002618
0.007636641999997096
0.008557136999993987
0.007917865600003893
0.008375963800000363
0.00795714800000269
0.007546392200001151
0.007606934000000365
0.008586107200000016
0.009131798600003549
0.00837018900000146
0.0087633803999978
0.008192702600001666
0.008761693999997534
0.009470112199997516
0.00972797240000034
0.009951969200000122
0.009676205799999593
0.009510445199998685
0.009424120399998515
0.010190016400002833
0.009580061999997724
0.009200652400002696
0.008561439800001836
0.009346051399998601
0.009046275800000104
0.009069623199994225
0.00862485360000278
0.008084907000002773
0.00872211159999665
0.009644474599997465
0.009331714600000396
0.009857453600000099
0.009472616599998674
0.01001889780000056
0.010066835399999263
0.009715017399994964
0.010024022400000377
0.010464153199998804
0.009723128999999631
0.010658289599999194
0.00931146880000142
0.010125561999998922
0.010792408400001818
0.010888432799998782
0.010859918799999946
0.010599826599997187
0.01011156240000446
0.009879129399999442
0.010550895199997967
0.009916662200001269
0.010420505400000479
0.010480995599996846
0.010209372600002098
0.011428874000000633
0.011130214799996452
0.010971123400000237
0.009571510199998556
0.010439457600000424
0.011298844799998164
0.01118697359999885
0.010063999600001238
0.010318168000000582
0.011150487000000453
0.01063419400000214
0.010992494599997826
0.009273607600005108
0.010397232999994798
0.01128551239999922
0.011089075399996772
0.011218495200000688
0.010686071999998603
0.012125546199999348
0.011873423999995225
0.012045940999999515
0.01256234900000095
0.012310489999998708
0.012215945799999873
0.01210028320000447
0.012768707600002926
0.01238038599999527
0.01142549600000109
0.01166795700000307
0.01041544819999558
0.010759302599998933
0.0117230233999976
0.011670522999997957
0.011305062999997516
0.01090497039999434
0.012689658600001508
0.012250245600000653
0.011387720799999102
0.010547257999999716
0.01202814480000427
0.01187793540000257
0.012101168800001005
0.011402912599999126
0.012086235800001077
0.011765604600000756
0.01245745019999731
0.01576329500000213
0.013515718599995808
0.014055098000000044
0.01365725479999753
0.013731123200000184
0.013197684799999365
0.013206873200002179
0.013311260200003972
0.012211603999998034
0.013427701399996295
0.012862746000001835
0.012900442400001566
0.012837652799998978
0.012823399000001245
0.012799890800002345
0.011342968200000313
0.012667809999999235
0.01360689260000072
0.013586542800001666
0.014245001000006141
0.014118406000002892
0.013894919599999866
0.014148069399999486
0.01276859459999855
0.013989172599994503
0.013702165199998718
0.013698213799997916
0.014450060800004393
0.014765782000000626
0.013782121800002756
0.01283624979999729
0.013979251199995702
0.014204775999999697
0.01491689739999913
0.015905035000000112
0.014540234800003304
0.014802355199998373
0.013187965800003098
0.01484848399999521
0.014301970599998982
0.014633498800000666
0.013540451200000803
0.014606499399997119
0.013426797199997509
0.013899151400002552
0.01538587420000681
0.014367560200003026
0.015266689999998561
0.01655415819999746
0.016045925799997463
0.016623341799996184
0.015469281000002865
0.015188903399999277
0.015059258000002273
0.015160992200000578
0.014991882999999007
0.013921847800003207
0.014663672800000426
0.016857711400001564
0.014332874399997309
0.016126232800004914
0.015924975999999445
0.014725873799997657
0.013873358000000734
0.016574331999999005
0.01590190679999921
0.015314636000002223
0.015983743800001095
0.015665032799995517
0.015224554799999623
0.01632935379999765
0.01676211120000346
0.015047833999997807
0.01702189260000182
0.016001821199998288
0.013982489800000053
0.016005260799994404
0.016113746799999263
0.01673363540000139
0.016168560399998456
0.016726827799999455
0.014503407000003677
0.0158536880000014
0.016637842999998043
0.016668571799999653
0.017620999400000413
0.017546567399995182
0.01694513699999902
0.016712109599998824
0.016333627599999546
0.016159263999998074
0.018326133200000073
0.018376712600002065
0.01640452100000118
0.01734296599999823
0.01817880639999885
0.019028384799997865
0.019152241800000525
0.018330207199997516
0.017477547199999322
0.018487613199994257
0.018027484399999592
0.018395770999998718
0.018002866400001948
0.01630352459999642
0.01870834060000561
0.01817273460000024
0.01828481119999594
0.018519511399998124
0.019562876000000527
0.01795119100000022
0.017859287800001768
0.019237819200000672
0.020356767999999192
0.01833712439999715
0.017080453200003377
0.0193319554000027
0.01965785019999373
0.02028043900000114
0.020181291199997987
0.017805609799998477
0.018906760800001622
0.018418865600000344
0.018769972799998414
0.019160463000002893
0.016880015399999594
0.019661806799999227
0.019121776599996566
0.019956720800001902
0.021045197800000894
0.019764544200000955
0.019794569600003344
0.019876436999999213
0.01920480760000487
0.020540246200002343
0.018788914999998952
0.021191218399999913
0.020390793400000006
0.021080419599996958
0.02127247260000331
0.022872655000003305
0.02082247380000126
0.020093436199999815
0.020329062199999727
0.019544184800000152
0.018102425199995765
0.020809163400002717
0.02019982819999768
0.020978360999998814
0.020292642399996907
0.019480885999996644
0.021447624000001043
0.020702843600000166
0.020822018600000547
0.020107163999998078
0.021160222800000385
0.021864914200000383
0.022187105400001884
0.02327469559999429
0.022211186599997747
0.021147278200001552
0.022255982400000106
0.022603313599998388
0.020569558800002597
0.020490752999998564
0.021852037399997925
0.023180283400003533
0.023575417200001426
0.020382694199997786
0.021991159000000947
0.02156467900000223
0.022431131599995525
0.021690916000002856
0.02188885300000152
0.023832341799999313
0.0237332538000004
0.023449515800001562
0.021726713799998264
0.022025628999995207
0.022925191199999518
0.021404633999998167
0.020988051999995604
0.022268917400000986
0.023291797199996724
0.024283012199998667
0.02346266739999976
0.02108677200000102
0.02273801500000445
0.023185342000002152
0.022136688800003412
0.020606508800003098
0.02285784640000088
0.025110377199999333
0.02612750420000225
0.024960925999999974
0.02301540419999526
0.023887603999995122
0.02379372300000284
0.022284541799999148
0.02309091959999989
0.02455674520000173
0.024256217200002084
0.0245074733999985
0.023110145399996895
0.024114118799997187
0.023643740399998593
0.023079065999996828
0.021976264199997785
0.02434263559999863
0.025194149599997218
0.02364157980000243
0.023949639000002777
0.024358817399999566
0.025249084599997217
0.023359281200004033
0.022878365799994072
0.024726098599995795
0.026265663200001656
0.027161893600001007
0.023457690399999363
0.0264652993999988
0.02527108779999594
0.025766716000003954
0.023087348599997882
0.025263524400000393
0.025780045599998403
0.02618027080000047
0.026104099799999857
0.026943934600001284
0.027942536399999086
0.026466719600000486
0.025351971799994998
0.025878622199999767
0.027299753399998395
0.026845670000000155
0.026012647799996104
0.02574998260000143
0.025434123399998045
0.024209153200001766
0.028529616000002988
0.02983498219999774
0.028350212199998736
0.027686278800004516
0.027209926199998336
0.02818962360000512
0.025915036199998555
0.027218832600001974
0.030941837000000305
0.028742192800001475
0.0256858072
0.03183908900000176
0.028545178799998894
0.025234113799996294
0.029454863199995886
0.02735604200000239
0.028906594400001494
0.028090139199997567
0.02792688139999768
0.027585183799999413
0.026017035999996097
0.02729489400000489
0.02865583359999846
0.028997873799994522
0.026239213600001678
0.029882084200005467
0.028762628600009065
0.026924329200005558
0.03002327300000047
0.02944091180000328
0.02947512819999929
0.026711898199999952
0.029909984799991206
0.030879343199995902
0.032608282799992595
0.03279674359999944
0.03409999300000095
0.030851670199996305
0.031026543000001537
0.031847687000004045
0.0327712128000087
0.033404320199991844
0.03352426700001274
0.034482853000002936
0.03172918920000143
0.0322507557999927
0.032692020399997544
0.03270424860000389
0.03306796780000241
0.03264661099999557
0.0319527341999958
0.03313651779999986
0.029249195400007012
0.031605062799997086
0.03177510600000914
0.030996022200008612
0.03232300079999391
0.0314516871999956
0.03229284939999957
0.028256298600007314
0.031761286600004726
0.03297871440000222
0.029606799199996203
0.03095753059999993
0.03438857520000056
0.03224983940000357
0.033061083800004096
0.03185473340001295
0.030374232200000507
0.03277307339999993
0.03226128679999647
0.029805977800003804
0.03373200019999558
0.03397936380000601
0.030915771799999447
0.03275630280000428
0.03247358800000484
0.031126476399992952
0.032732784200010204
0.03169366420000301
0.03133316160000277
0.03256247280000366
0.03302130239999883
0.032753534999994824
0.033325611800006524
0.03437804559999904
0.0335941221999974
0.03690367080000101
0.03693480579999573
0.038303560200000676
0.03736237620000793
0.03675203139999894
0.03581310360000316
0.037638346400012776
0.03506132480000588
0.0354055540000104
0.036405855200001724
0.03617325640000217
0.03372699860000239
0.033693342399993755
0.032405654000001505
0.03501603140001066
0.03419094059999565
0.03149710419999678
0.033353898599989405
0.034763739600003875
0.03227992859999631
0.03467692419999935
0.03510857980000992
0.03519771180000362
0.03528213399999913
0.03478213519999827
0.03327572759999953
0.034983061999986374
0.03551888900000222
0.032441777799999724
0.03600658319999752
0.03550983340000471
0.035060667599998395
0.037878927799994244
0.03382392360000495
0.0362634223999919
0.03467323060000353
0.03435816979999799
0.03578071060000525
0.03774162540000816
0.03660796300000015
0.035150593999998134
0.035847260399998505
0.033846119399999
0.03470203940000829
0.038996793999990585
0.03659889320000502
0.036789644200001706
0.03309812680000164
0.03972303920000968
0.03693037440000353
0.031012088599999287
0.037802408199996765
0.040593741999998656
0.0365488082000013
0.039332548400005864
0.03657478539999488
0.03719535419999716
0.03784050920000368
0.037558652600000644
0.038590994999992745
0.04039358139999081
0.03685940500000129
0.03998593519999645
0.035663883599994506
0.04016104320000977
0.04054836660000092
0.03836323840000091
0.0379533765999895
0.0370094973999926
0.038188307600000825
0.04030941399999506
0.037599167599995556
0.03908154780000359
0.0371281855999996
0.03927310380000222
0.03971479040000077
0.03999246459999881
0.03995877640001595
0.03882055180000634
0.04007875359999957
0.04273415719999889
0.03771541120000279
0.038958286800010455
0.03982909819999918
0.039409840799999075
0.04074669979999612
0.03959548699999118
0.03831026599999632
0.03925631379999572
0.03944813560000284
0.04164302679999423
0.041384852000004455
0.04137129100000152
0.03947466579999741
0.041682598800014146
0.04472905860000083
0.04164884740000048
0.041720560199996724
0.040908900199997336
0.04227012140000284
0.04395997419999276
0.040420707799995625
0.045774551999994625
0.04024836520000576
0.04332581719999666
0.044479202599990234
0.04386355740000454
0.040189717999999174
0.04240984420001155
0.044184230999997
0.04107341039999142
0.04350341219999905
0.04044398260001003
0.04114830780000602
0.04424953019998838
0.04150307180000823
0.04274743719999492
0.04070858479999515
0.04345448939999415
0.04338124779999362
0.045558799800005545
0.042090840199995226
0.04662950759999944
0.04566530180000541
0.042810934799996404
0.04496093500000029
0.04088910840000608
0.04545165499999939
0.04550379819999648
0.043746795200002
0.04149098240000626
0.04310321359999421
0.04699541460000774
0.04462109060000898
0.04550840200000152
