5.280666670159917e-07
1.082533332426768e-06
1.6873333336775432e-06
2.33506666612963e-06
3.1276666661028685e-06
3.9436666677753845e-06
4.898266666468013e-06
5.8436666662942114e-06
7.315333332276926e-06
8.073999999661889e-06
9.311466666398852e-06
1.0585799998826435e-05
1.1942399999043118e-05
1.3216333332858691e-05
1.491246666821174e-05
1.636526666525621e-05
1.815739999907843e-05
1.963393333331472e-05
2.1603266666166596e-05
2.3538733333339224e-05
2.541186666652114e-05
2.7490933333259213e-05
2.9341666666482526e-05
3.1785000000184024e-05
3.3861266667637814e-05
3.609893333305081e-05
3.856973333474419e-05
3.929493333364083e-05
4.213599999995191e-05
4.548006666738047e-05
4.768000000012762e-05
5.0284333334123706e-05
5.2922266667584e-05
5.495733333352367e-05
5.78803333330787e-05
6.31443999987861e-05
6.565640000057252e-05
7.051786666589048e-05
7.213246666708528e-05
7.52465999999193e-05
8.109279999975645e-05
9.054053333225435e-05
8.899046666594283e-05
9.663186666747e-05
0.00010347293333315596
0.00010452373333293962
0.00012219706666769526
0.00013811286666557028
0.00012703893333233888
0.00012970673333351595
0.00016333473333437118
0.00014630659999947208
0.00013973159999949302
0.0001497082000014416
0.00014634053333348145
0.0001480097333318516
0.000143812266667472
0.00015062340000042694
0.00015249993333223225
0.00015323533333315708
0.00015114780000070974
0.0001517746666669003
0.0001588950000003327
0.00017217193333133687
0.0001769546000000825
0.00018102119999857297
0.00019353806666657646
0.00021066046666694168
0.00018672413333386355
0.00018913126666717517
0.00018989006666600972
0.00019564733333320798
0.00019239393333284245
0.00020292839999929885
0.0002111335999989213
0.00022128233333233992
0.000240906199999813
0.00023387559999908566
0.00022791939999962097
0.00022607533333314224
0.00022662886666656353
0.0002480977333329785
0.00024262973333340673
0.0002450985999999489
0.0002594606000002386
0.00028372960000050775
0.0002804378000002809
0.00029377906666686233
0.0002806475333339146
0.000290278466666886
0.0002820488666657184
0.0002908745333328966
0.0003058055999995683
0.00034187746666844985
0.0003208044666673497
0.0003351702666667696
0.0003304513333333148
0.00046024853333364034
0.0003944820000005696
0.00044033713333296496
0.00039841926666734175
0.000389703266666667
0.0003927450666670514
0.00040442206666568836
0.00042177753333258277
0.0004632723333334828
0.00044090593333313187
0.00044187986666675746
0.00044360313333318877
0.00046555739999973864
0.00048463913333307573
0.0005335537999997086
0.0005347214666661178
0.0005679377333327314
0.0005195683333335902
0.0005019975333330725
0.0004966678666657268
0.0005451731333337761
0.0005295963333333968
0.0005012258000007819
0.0004872171333322702
0.0005271068000013201
0.0005748664666645216
0.0005128889333339733
0.0005068578666675686
0.0005353567999994387
0.0005874730000016371
0.0005526340666662577
0.000528646933334187
0.0005790684666663992
0.0006265009999992799
0.0006040173999991794
0.0006420789999988112
0.0007629287999989742
0.0008507447333319836
0.0007766880666660351
0.0007860077333342966
0.0007616725999994856
0.0008259345999993192
0.0010195961999992656
0.0008443993333330013
0.0008224327999997172
0.0007575038000008287
0.0007453987333344496
0.0007871495999997554
0.0007483308666664356
0.0006936082666669563
0.0007888471333335664
0.0007278661999995014
0.0007325703333336264
0.0007995124666663855
0.0007426508666668497
0.0007598270666671662
0.0008162944000000987
0.000764418933332441
0.0008958470000000792
0.0009204109333329787
0.0008786423333338196
0.0009887799999987123
0.0009512201333336634
0.00095545593333289
0.001131663266667715
0.0010630091999990062
0.0009357046666669551
0.0010150026000005142
0.0009311436666678219
0.0009017330666670395
0.000984525266667428
0.0008945114666663775
0.0009601513999996314
0.000979082733333314
0.0010788961999982879
0.0010880631333340792
0.0011006868666669333
0.001423450799999652
0.0012282687999989625
0.0011533587999991823
0.0010850726666670123
0.0010465918666672754
0.0011340452000003628
0.001052154333333514
0.0010934456000015302
0.0010822961333327422
0.00130056933333312
0.0013088409333344468
0.0013762212000012633
0.0013891559333321388
0.0016506871333338798
0.0014195416666675934
0.0015434398000010673
0.0016549375333340776
0.0014080210666657913
0.0013322506666663496
0.0013260786000003576
0.0012553864000011572
0.001348004466665979
0.0013387671333333628
0.0015663690666656294
0.0015017780666672328
0.0018380961333335222
0.0015225260000008233
0.0014530559333332841
0.0013737826666660642
0.0013236484000003657
0.0013679787999999842
0.001355592066667081
0.0014538735333331943
0.0014645097333338224
0.0014237954666678357
0.0014820600666657431
0.0016161079999993907
0.0016851800666657368
0.0019149367333350634
0.0018698902666661372
0.0018153554666677488
0.0018448107333336832
0.0018518421999999645
0.0018246185333325115
0.0017845050000005358
0.001755218866666534
0.0019397317333329056
0.0018426834666679308
0.0017166078000002472
0.001685861666665763
0.0016415431333333193
0.0017573273333340467
0.0016996790000002686
0.001776320533333357
0.0018128915333344745
0.00190110446666741
0.00215946853333359
0.0019245896666665392
0.0018046482000002584
0.0017918060000004252
0.0017900018000015431
0.0019387074666662822
0.002063010133335297
0.00231599046666607
0.002120833066666705
0.002484018666667017
0.0021222765999993954
0.0019578873999994547
0.0019518236000000873
0.0019941272000006433
0.002165798800000592
0.0023118399333336963
0.002310491666665371
0.0021229857333329013
0.002060090533332944
0.002069339133333396
0.0021736828666666006
0.0024101413333331343
0.002612792866668201
0.0026172247999994625
0.0022416820666677495
0.002151473400002146
0.002136234733335603
0.002117834066667494
0.002253129400001323
0.0024776410000015405
0.0024975108666647353
0.002940150400000145
0.002499903866665439
0.002316772799999474
0.0024529316666672685
0.0027212658666674844
0.0031048969999991033
0.002997108066668375
0.0026654074000002008
0.0024581395333342472
0.0024388522000028463
0.0026998632666646928
0.003099921533333827
0.0027216694666681936
0.00250310853333436
0.0026019146000010097
0.002523998600001202
0.002755536133331778
0.003124337400000362
0.002697509066665778
0.002590412666666945
0.002682236266666867
0.003062035333332839
0.0031678688666659125
0.0036474157333335217
0.0032104194666677205
0.0034182568000015105
0.003018570933333346
0.003299426066663121
0.003498352533334052
0.0030121674000004833
0.0028590728000002247
0.002781656999999882
0.003047603866666767
0.0036617479333339513
0.0033096901999973244
0.002998278933333154
0.0030022392666666066
0.0033067468000012924
0.0036455960666652723
0.003248121199999332
0.0030877714666663297
0.0030505196666676206
0.003165146333334216
0.003471721333333259
0.0038387790666670678
0.0035714481333343428
0.0037491014666680184
0.004230974266665536
0.0038760841333337717
0.003369337666667131
0.003350574399997678
0.003297437400001968
0.003887158733333725
0.004162544066667806
0.0034052031999986334
0.0034661602666668993
0.003683615600001152
0.0043861514000013814
0.0036695071999995814
0.0034665969999982354
0.00346521580000001
0.004206749133334142
0.004413000199998389
0.004124693400000486
0.004716773800001306
0.0045442540666632185
0.0038749582666658474
0.0037352975999993985
0.0037836794666674224
0.004354774599999208
0.004063759800000829
0.0037909955333352246
0.003979140466667749
0.004527011400001394
0.004097899200003022
0.003922144399999184
0.0041223432666669165
0.004509599066669049
0.004316183799998422
0.0040055919999986145
0.004477052999997492
0.004816980533333511
0.004218718200000164
0.004083951533333637
0.004382991600000234
0.00542508786666834
0.005433516666667515
0.005418908066667427
0.005480147533331584
0.004528247866666864
0.0044702295333327886
0.0049446861999977425
0.004981610599999916
0.005451523799997441
0.005150460466667065
0.0049176988666668345
0.004318074133334448
0.0044075403333332965
0.005187990733332981
0.004885665866667447
0.00456238219999913
0.005144584399999038
0.005538603666669435
0.005352372800000656
0.005057007933335929
0.005331364866666869
0.004590402466667835
0.005735335533331446
0.005974355000000741
0.004928581666665839
0.005063456933332115
0.005789785533332292
0.004944015266665739
0.005242517999999071
0.0058561481333318476
0.00516871020000167
0.005095904199998813
0.005801557800000031
0.005350473600000782
0.005509176066666063
0.0057320350000016635
0.005056693066666185
0.005143582733334521
0.0060195119999984096
0.005271339466668223
0.005572035199998026
0.0064279117333351605
0.00607037553333214
0.006054095866665913
0.006194339266666778
0.005450500533332085
0.006869917533336434
0.006594577599999715
0.005517509799998758
0.006437840133334778
0.005566179266666419
0.005954309200001262
0.006430955666667159
0.006587262133333146
0.006316253266665702
0.006428232933333789
0.006158673266668302
0.006911372800000966
0.006616874066667341
0.006456217266669266
0.006423676533332431
0.005789174599999569
0.007025614399997456
0.005987881799999665
0.006492671333333533
0.006668588466667794
0.0066939943333352405
0.007646751200001253
0.007139480400003132
0.007012414533330495
0.0076085234000013695
0.00717146153333014
0.008696873133334292
0.007877951000001342
0.007822723933333008
0.007504613666665705
0.0076574570000019545
0.006274332600001268
0.00696209466666744
0.006786626999998665
0.006613550866668068
0.007186123800000625
0.006415574400000424
0.008026001866667798
0.008257862266664992
0.008316237599999946
0.007332848466668906
0.007810852866667991
0.007700881000001421
0.0076748855333325615
0.006869283599999676
0.006942710266667973
0.007580932666668142
0.007207698933332078
0.008660049400001904
0.0081633032666673
0.007931901799997832
0.006970116733333498
0.007797404533333937
0.007083148599998405
0.00737960119999741
0.0075611015333369854
0.00742146666666675
0.0080147213333305
0.007347447799999903
0.008216157733332351
0.007536051799998707
0.007946727399998584
0.007259055466667519
0.008300326866665842
0.0076309785333326845
0.00938704959999844
0.007535431066669199
0.008693237666668097
0.007873651666667076
0.009306116599998405
0.011351838599998132
0.010457164533335117
0.01064557166666873
0.01010365039999878
0.009862815666667756
0.010072692000001856
0.009102543333330953
0.008744538866667047
0.008732497866667662
0.010319053133331597
0.008741121266666596
0.009449565799998064
0.008853136933332924
0.008856783999999607
0.009515076666664868
0.009892952733333496
0.01016594659999915
0.009902229466666768
0.009603424733333555
0.008633810733330922
0.009569499066667693
0.009031039199999213
0.009878686266665682
0.010366781533335256
0.008729814266665888
0.009523021999999059
0.01114585186666659
0.01120385846666636
0.011890377399999845
0.01165039873333266
0.011266802400001552
0.011091811466666475
0.011730023399997928
0.01098032800000226
0.010507561399997674
0.011155729066663867
0.009464045733335525
0.010602620333332879
0.010435497333335774
0.00959314026666694
0.010064224800001399
0.01059031326666684
0.010040080933332736
0.009497329533335612
0.009760782466666265
0.010031630400000798
0.009435367799998555
0.010516109866666548
0.00992910540000101
0.009989454866666848
0.010792054666667165
0.009496153733334723
0.010681487266669858
0.010096031599997939
0.010138864066666997
0.011642255999998952
0.010444541666665448
0.010223115333331142
0.010493614200001389
0.009593590399998676
0.011947084733333214
0.011841687599997878
0.010425464800000365
0.011010913200001938
0.01106191060000204
0.010147343666668954
0.010951432600000052
0.010925843733331438
0.009949325733330738
0.01097314646666708
0.011167424733334505
0.010522669133336156
0.011871434533334953
0.011654733400000812
0.01246523346666682
0.011387244066667298
0.011497298799999575
0.010564553666666636
0.011583365066666336
0.012989743866668846
0.011547954666667692
0.011242687799999847
0.01165854073333416
0.011467190266667633
0.01095886873333427
0.012938835133332797
0.012227784333332655
0.011630004733333029
0.011743844666664434
0.01180957966666559
0.01206258080000282
0.011173279399999576
0.012475450599998794
0.0120259571333321
0.012049339000000714
0.012769008533333211
0.014307312666666879
0.012346908666665967
0.012265805733335355
0.011543627533333734
0.012692337866665564
0.012471270200000125
0.012212109266668374
0.012477765733332072
0.012865091666667657
0.013376499399997025
0.012730827333334105
0.01200928086666598
0.012408137866666872
0.013810371733332735
0.013871768733333548
0.012543852799998945
0.01284635573333143
0.012601120266668885
0.013521264199998958
0.014495012466666898
0.014198420666665849
0.013436873466665134
0.01399415166666813
0.014304260466661844
0.013286693800000648
0.014209697399998807
0.013472808933334099
0.01321319560000139
0.013267505000000786
0.014976307933332577
0.014745442399999812
0.013378304400001184
0.013682030199997067
0.012733158866669213
0.015318526466665124
0.013448745399999969
0.014134611666666312
0.01390592106667062
0.013782145866665966
0.013770721600000495
0.015012039866670079
0.01406461540000142
