0.0 901.0 17.0
0.005 513.6 17.0
0.01 295.0 17.0
0.015 302.6 17.0
0.02 210.0 17.0
0.025 264.6 17.0
0.03 183.0 17.0
0.035 162.4 17.0
0.04 185.0 17.0
0.045 175.6 17.0
0.05 173.2 16.2
0.055 148.0 16.0
0.06 144.4 16.0
0.065 145.6 16.0
0.07 150.4 16.0
0.075 114.8 16.0
0.08 139.2 16.0
0.085 126.8 16.0
0.09 125.0 16.0
0.095 92.0 16.0
0.1 104.2 16.0
0.105 107.0 16.0
0.11 83.2 16.0
0.115 72.8 16.0
0.12 107.8 16.0
0.125 82.0 16.0
0.13 103.2 15.8
0.135 86.4 15.8
0.14 92.2 16.0
0.145 75.6 15.2
0.15 88.6 15.6
0.155 71.6 15.4
0.16 73.2 15.0
0.165 85.0 15.0
0.17 78.0 15.2
0.17500000000000002 72.0 15.0
0.18 79.4 15.0
0.185 69.8 15.0
0.19 74.6 15.0
0.195 66.0 15.0
0.2 83.0 15.0
0.20500000000000002 71.8 15.0
0.21 67.2 15.0
0.215 71.0 15.0
0.22 62.0 14.8
0.225 59.4 15.0
0.23 64.2 15.0
0.23500000000000001 64.6 14.8
0.24 60.2 14.6
0.245 48.2 14.4
0.25 59.2 14.6
0.255 52.2 14.6
0.26 51.0 14.2
0.265 46.6 14.2
0.27 54.0 14.2
0.275 53.6 14.0
0.28 48.4 14.2
0.28500000000000003 55.0 14.0
0.29 48.8 14.0
0.295 54.4 14.0
0.3 51.2 14.0
0.305 45.0 14.0
0.31 54.4 14.0
0.315 52.6 14.0
0.32 47.8 14.0
0.325 46.4 14.0
0.33 54.8 14.0
0.335 51.8 14.0
0.34 47.4 14.0
0.34500000000000003 44.4 14.0
0.35000000000000003 44.0 14.0
0.355 48.0 14.0
0.36 40.8 14.0
0.365 43.8 14.0
0.37 47.6 14.0
0.375 41.0 13.8
0.38 47.4 13.6
0.385 44.2 13.6
0.39 34.4 14.0
0.395 42.0 13.6
0.4 39.0 13.6
0.405 40.4 13.4
0.41000000000000003 38.6 13.8
0.41500000000000004 39.4 13.4
0.42 36.6 13.6
0.425 35.2 13.2
0.43 41.0 13.4
0.435 35.2 13.2
0.44 40.0 13.6
0.445 32.8 13.0
0.45 33.2 13.0
0.455 44.0 13.0
0.46 42.8 13.2
0.465 32.8 13.0
0.47000000000000003 33.2 13.0
0.47500000000000003 39.2 13.0
0.48 34.0 13.0
0.485 36.8 13.0
0.49 36.8 13.0
0.495 27.2 13.0
0.5 37.0 13.0
0.505 36.6 13.2
0.51 30.8 12.6
0.515 32.6 12.8
0.52 36.0 12.8
0.525 34.6 12.8
0.53 33.8 12.4
0.535 44.8 13.0
0.54 33.2 12.8
0.545 34.6 12.6
