0.0 901.0 17.0
0.005 545.2 17.0
0.01 321.4 17.0
0.015 237.2 17.0
0.02 278.6 17.0
0.025 265.4 17.0
0.03 205.8 17.0
0.035 239.0 17.0
0.04 190.0 16.8
0.045 146.4 16.4
0.05 145.4 16.2
0.055 129.6 16.0
0.06 114.0 16.0
0.065 101.4 16.0
0.07 110.6 16.0
0.075 137.2 16.0
0.08 106.4 16.0
0.085 141.0 16.0
0.09 116.2 16.0
0.095 121.8 16.0
0.1 130.0 16.0
0.105 106.6 16.0
0.11 98.2 16.0
0.115 94.2 16.0
0.12 116.8 16.0
0.125 97.0 15.8
0.13 92.6 16.0
0.135 77.6 15.6
0.14 87.6 15.8
0.145 95.0 15.8
0.15 66.2 15.4
0.155 65.8 15.2
0.16 104.0 15.0
0.165 65.4 15.2
0.17 62.4 15.0
0.17500000000000002 74.6 15.0
0.18 67.8 15.0
0.185 70.6 15.0
0.19 99.0 15.0
0.195 67.8 15.0
0.2 56.2 15.0
0.20500000000000002 73.0 14.8
0.21 70.4 15.0
0.215 74.6 15.0
0.22 51.4 15.0
0.225 64.2 15.0
0.23 66.2 15.0
0.23500000000000001 56.8 14.8
0.24 71.6 15.0
0.245 57.2 14.2
0.25 59.6 14.4
0.255 65.0 14.4
0.26 50.8 14.2
0.265 51.6 14.2
0.27 54.6 14.2
0.275 52.8 14.0
0.28 54.2 14.0
0.28500000000000003 52.0 14.0
0.29 57.2 14.0
0.295 54.6 14.2
0.3 44.4 14.0
0.305 56.2 14.0
0.31 56.4 14.0
0.315 66.8 14.0
0.32 45.2 14.0
0.325 53.2 14.0
0.33 54.6 14.0
0.335 56.8 14.0
0.34 55.4 14.0
0.34500000000000003 50.0 14.0
0.35000000000000003 47.4 14.0
0.355 45.4 14.0
0.36 48.0 14.0
0.365 46.6 14.0
0.37 39.4 14.0
0.375 43.0 13.6
0.38 41.6 13.8
0.385 40.8 14.0
0.39 49.0 13.6
0.395 42.4 14.0
0.4 38.6 13.6
0.405 41.0 13.2
0.41000000000000003 36.6 13.4
0.41500000000000004 38.6 13.4
0.42 45.8 13.0
0.425 42.6 13.4
0.43 39.2 13.2
0.435 35.2 13.0
0.44 39.2 13.4
0.445 39.2 13.0
0.45 40.2 13.2
0.455 35.8 13.0
0.46 32.2 13.0
0.465 33.4 13.0
0.47000000000000003 43.8 13.2
0.47500000000000003 37.2 13.0
0.48 35.6 13.0
0.485 32.2 13.0
0.49 37.2 13.0
0.495 34.4 12.8
0.5 34.4 13.0
0.505 31.2 13.0
0.51 32.6 13.0
0.515 31.2 13.0
0.52 33.6 12.8
0.525 35.2 12.8
0.53 31.8 12.8
0.535 34.0 13.0
0.54 29.8 13.0
0.545 32.0 12.8
